   3.3089902672796350        0.0000000000000000     
   3.3089902672796350        143.06878230673212     
   3.3089902672796350        143.06878230673212     
   3.3089902672796350        0.0000000000000000     
   3.3339902672796349        0.0000000000000000     
   3.3339902672796349        0.0000000000000000     
   3.3339902672796349        0.0000000000000000     
   3.3339902672796349        0.0000000000000000     
   3.3589902672796348        0.0000000000000000     
   3.3589902672796348        0.0000000000000000     
   3.3589902672796348        0.0000000000000000     
   3.3589902672796348        0.0000000000000000     
   3.3839902672796351        0.0000000000000000     
   3.3839902672796351        36.629644256598844     
   3.3839902672796351        36.629644256598844     
   3.3839902672796351        0.0000000000000000     
   3.4089902672796351        0.0000000000000000     
   3.4089902672796351        34.796886823501758     
   3.4089902672796351        34.796886823501758     
   3.4089902672796351        0.0000000000000000     
   3.4339902672796350        0.0000000000000000     
   3.4339902672796350        0.0000000000000000     
   3.4339902672796350        0.0000000000000000     
   3.4339902672796350        0.0000000000000000     
   3.4589902672796349        0.0000000000000000     
   3.4589902672796349        35.436869430269581     
   3.4589902672796349        35.436869430269581     
   3.4589902672796349        0.0000000000000000     
   3.4839902672796348        0.0000000000000000     
   3.4839902672796348        36.127756728072207     
   3.4839902672796348        36.127756728072207     
   3.4839902672796348        0.0000000000000000     
   3.5089902672796351        0.0000000000000000     
   3.5089902672796351        37.025922973224787     
   3.5089902672796351        37.025922973224787     
   3.5089902672796351        0.0000000000000000     
   3.5339902672796351        0.0000000000000000     
   3.5339902672796351        32.303988028647836     
   3.5339902672796351        32.303988028647836     
   3.5339902672796351        0.0000000000000000     
   3.5589902672796350        0.0000000000000000     
   3.5589902672796350        0.0000000000000000     
   3.5589902672796350        0.0000000000000000     
   3.5589902672796350        0.0000000000000000     
   3.5839902672796349        0.0000000000000000     
   3.5839902672796349        66.815829366618473     
   3.5839902672796349        66.815829366618473     
   3.5839902672796349        0.0000000000000000     
   3.6089902672796352        0.0000000000000000     
   3.6089902672796352        33.507849469437360     
   3.6089902672796352        33.507849469437360     
   3.6089902672796352        0.0000000000000000     
   3.6339902672796351        0.0000000000000000     
   3.6339902672796351        70.561563713012134     
   3.6339902672796351        70.561563713012134     
   3.6339902672796351        0.0000000000000000     
   3.6589902672796351        0.0000000000000000     
   3.6589902672796351        0.0000000000000000     
   3.6589902672796351        0.0000000000000000     
   3.6589902672796351        0.0000000000000000     
   3.6839902672796350        0.0000000000000000     
   3.6839902672796350        37.736846502397917     
   3.6839902672796350        37.736846502397917     
   3.6839902672796350        0.0000000000000000     
   3.7089902672796349        0.0000000000000000     
   3.7089902672796349        71.852824488704940     
   3.7089902672796349        71.852824488704940     
   3.7089902672796349        0.0000000000000000     
   3.7339902672796352        0.0000000000000000     
   3.7339902672796352        0.0000000000000000     
   3.7339902672796352        0.0000000000000000     
   3.7339902672796352        0.0000000000000000     
   3.7589902672796351        0.0000000000000000     
   3.7589902672796351        33.019746819803139     
   3.7589902672796351        33.019746819803139     
   3.7589902672796351        0.0000000000000000     
   3.7839902672796351        0.0000000000000000     
   3.7839902672796351        73.838891831441089     
   3.7839902672796351        73.838891831441089     
   3.7839902672796351        0.0000000000000000     
   3.8089902672796350        0.0000000000000000     
   3.8089902672796350        0.0000000000000000     
   3.8089902672796350        0.0000000000000000     
   3.8089902672796350        0.0000000000000000     
   3.8339902672796349        0.0000000000000000     
   3.8339902672796349        71.529589655160777     
   3.8339902672796349        71.529589655160777     
   3.8339902672796349        0.0000000000000000     
   3.8589902672796352        0.0000000000000000     
   3.8589902672796352        0.0000000000000000     
   3.8589902672796352        0.0000000000000000     
   3.8589902672796352        0.0000000000000000     
   3.8839902672796351        0.0000000000000000     
   3.8839902672796351        111.85676097776735     
   3.8839902672796351        111.85676097776735     
   3.8839902672796351        0.0000000000000000     
   3.9089902672796351        0.0000000000000000     
   3.9089902672796351        33.519490923302762     
   3.9089902672796351        33.519490923302762     
   3.9089902672796351        0.0000000000000000     
   3.9339902672796350        0.0000000000000000     
   3.9339902672796350        34.013933797079751     
   3.9339902672796350        34.013933797079751     
   3.9339902672796350        0.0000000000000000     
   3.9589902672796349        0.0000000000000000     
   3.9589902672796349        36.670617747794211     
   3.9589902672796349        36.670617747794211     
   3.9589902672796349        0.0000000000000000     
   3.9839902672796352        0.0000000000000000     
   3.9839902672796352        32.934413937624349     
   3.9839902672796352        32.934413937624349     
   3.9839902672796352        0.0000000000000000     
   4.0089902672796347        0.0000000000000000     
   4.0089902672796347        70.538330858558197     
   4.0089902672796347        70.538330858558197     
   4.0089902672796347        0.0000000000000000     
   4.0339902672796351        0.0000000000000000     
   4.0339902672796351        33.894119324566553     
   4.0339902672796351        33.894119324566553     
   4.0339902672796351        0.0000000000000000     
   4.0589902672796345        0.0000000000000000     
   4.0589902672796345        33.906385058260213     
   4.0589902672796345        33.906385058260213     
   4.0589902672796345        0.0000000000000000     
   4.0839902672796349        0.0000000000000000     
   4.0839902672796349        37.627845222775335     
   4.0839902672796349        37.627845222775335     
   4.0839902672796349        0.0000000000000000     
   4.1089902672796352        0.0000000000000000     
   4.1089902672796352        73.206966985624121     
   4.1089902672796352        73.206966985624121     
   4.1089902672796352        0.0000000000000000     
   4.1339902672796347        0.0000000000000000     
   4.1339902672796347        0.0000000000000000     
   4.1339902672796347        0.0000000000000000     
   4.1339902672796347        0.0000000000000000     
   4.1589902672796351        0.0000000000000000     
   4.1589902672796351        0.0000000000000000     
   4.1589902672796351        0.0000000000000000     
   4.1589902672796351        0.0000000000000000     
   4.1839902672796345        0.0000000000000000     
   4.1839902672796345        36.615021348804468     
   4.1839902672796345        36.615021348804468     
   4.1839902672796345        0.0000000000000000     
   4.2089902672796349        0.0000000000000000     
   4.2089902672796349        37.618286814461968     
   4.2089902672796349        37.618286814461968     
   4.2089902672796349        0.0000000000000000     
   4.2339902672796352        0.0000000000000000     
   4.2339902672796352        0.0000000000000000     
   4.2339902672796352        0.0000000000000000     
   4.2339902672796352        0.0000000000000000     
   4.2589902672796347        0.0000000000000000     
   4.2589902672796347        0.0000000000000000     
   4.2589902672796347        0.0000000000000000     
   4.2589902672796347        0.0000000000000000     
   4.2839902672796351        0.0000000000000000     
   4.2839902672796351        0.0000000000000000     
   4.2839902672796351        0.0000000000000000     
   4.2839902672796351        0.0000000000000000     
   4.3089902672796345        0.0000000000000000     
   4.3089902672796345        33.540455692437455     
   4.3089902672796345        33.540455692437455     
   4.3089902672796345        0.0000000000000000     
   4.3339902672796349        0.0000000000000000     
   4.3339902672796349        33.451699657170778     
   4.3339902672796349        33.451699657170778     
   4.3339902672796349        0.0000000000000000     
   4.3589902672796352        0.0000000000000000     
   4.3589902672796352        0.0000000000000000     
   4.3589902672796352        0.0000000000000000     
   4.3589902672796352        0.0000000000000000     
   4.3839902672796347        0.0000000000000000     
   4.3839902672796347        69.534830479804413     
   4.3839902672796347        69.534830479804413     
   4.3839902672796347        0.0000000000000000     
   4.4089902672796351        0.0000000000000000     
   4.4089902672796351        67.328187081323250     
   4.4089902672796351        67.328187081323250     
   4.4089902672796351        0.0000000000000000     
   4.4339902672796345        0.0000000000000000     
   4.4339902672796345        0.0000000000000000     
   4.4339902672796345        0.0000000000000000     
   4.4339902672796345        0.0000000000000000     
   4.4589902672796349        0.0000000000000000     
   4.4589902672796349        33.587385132503400     
   4.4589902672796349        33.587385132503400     
   4.4589902672796349        0.0000000000000000     
   4.4839902672796352        0.0000000000000000     
   4.4839902672796352        0.0000000000000000     
   4.4839902672796352        0.0000000000000000     
   4.4839902672796352        0.0000000000000000     
   4.5089902672796356        0.0000000000000000     
   4.5089902672796356        72.371660586794576     
   4.5089902672796356        72.371660586794576     
   4.5089902672796356        0.0000000000000000     
   4.5339902672796351        0.0000000000000000     
   4.5339902672796351        0.0000000000000000     
   4.5339902672796351        0.0000000000000000     
   4.5339902672796351        0.0000000000000000     
   4.5589902672796345        0.0000000000000000     
   4.5589902672796345        70.389434090138266     
   4.5589902672796345        70.389434090138266     
   4.5589902672796345        0.0000000000000000     
   4.5839902672796349        0.0000000000000000     
   4.5839902672796349        66.765726693997621     
   4.5839902672796349        66.765726693997621     
   4.5839902672796349        0.0000000000000000     
   4.6089902672796352        0.0000000000000000     
   4.6089902672796352        32.384305017836560     
   4.6089902672796352        32.384305017836560     
   4.6089902672796352        0.0000000000000000     
   4.6339902672796356        0.0000000000000000     
   4.6339902672796356        76.227011899092247     
   4.6339902672796356        76.227011899092247     
   4.6339902672796356        0.0000000000000000     
   4.6589902672796351        0.0000000000000000     
   4.6589902672796351        35.871256786429527     
   4.6589902672796351        35.871256786429527     
   4.6589902672796351        0.0000000000000000     
   4.6839902672796345        0.0000000000000000     
   4.6839902672796345        74.384967601251432     
   4.6839902672796345        74.384967601251432     
   4.6839902672796345        0.0000000000000000     
   4.7089902672796349        0.0000000000000000     
   4.7089902672796349        37.372520456263729     
   4.7089902672796349        37.372520456263729     
   4.7089902672796349        0.0000000000000000     
   4.7339902672796352        0.0000000000000000     
   4.7339902672796352        112.51689521032208     
   4.7339902672796352        112.51689521032208     
   4.7339902672796352        0.0000000000000000     
   4.7589902672796356        0.0000000000000000     
   4.7589902672796356        0.0000000000000000     
   4.7589902672796356        0.0000000000000000     
   4.7589902672796356        0.0000000000000000     
   4.7839902672796351        0.0000000000000000     
   4.7839902672796351        173.02068288253446     
   4.7839902672796351        173.02068288253446     
   4.7839902672796351        0.0000000000000000     
   4.8089902672796345        0.0000000000000000     
   4.8089902672796345        34.532150971069811     
   4.8089902672796345        34.532150971069811     
   4.8089902672796345        0.0000000000000000     
   4.8339902672796349        0.0000000000000000     
   4.8339902672796349        68.550833745438496     
   4.8339902672796349        68.550833745438496     
   4.8339902672796349        0.0000000000000000     
   4.8589902672796352        0.0000000000000000     
   4.8589902672796352        0.0000000000000000     
   4.8589902672796352        0.0000000000000000     
   4.8589902672796352        0.0000000000000000     
   4.8839902672796356        0.0000000000000000     
   4.8839902672796356        109.68420785841970     
   4.8839902672796356        109.68420785841970     
   4.8839902672796356        0.0000000000000000     
   4.9089902672796351        0.0000000000000000     
   4.9089902672796351        0.0000000000000000     
   4.9089902672796351        0.0000000000000000     
   4.9089902672796351        0.0000000000000000     
   4.9339902672796345        0.0000000000000000     
   4.9339902672796345        104.98667941779408     
   4.9339902672796345        104.98667941779408     
   4.9339902672796345        0.0000000000000000     
   4.9589902672796349        0.0000000000000000     
   4.9589902672796349        105.33328295144122     
   4.9589902672796349        105.33328295144122     
   4.9589902672796349        0.0000000000000000     
   4.9839902672796352        0.0000000000000000     
   4.9839902672796352        70.070761859353567     
   4.9839902672796352        70.070761859353567     
   4.9839902672796352        0.0000000000000000     
   5.0089902672796356        0.0000000000000000     
   5.0089902672796356        0.0000000000000000     
   5.0089902672796356        0.0000000000000000     
   5.0089902672796356        0.0000000000000000     
   5.0339902672796351        0.0000000000000000     
   5.0339902672796351        67.070985506565819     
   5.0339902672796351        67.070985506565819     
   5.0339902672796351        0.0000000000000000     
   5.0589902672796345        0.0000000000000000     
   5.0589902672796345        72.144412429267021     
   5.0589902672796345        72.144412429267021     
   5.0589902672796345        0.0000000000000000     
   5.0839902672796349        0.0000000000000000     
   5.0839902672796349        0.0000000000000000     
   5.0839902672796349        0.0000000000000000     
   5.0839902672796349        0.0000000000000000     
   5.1089902672796352        0.0000000000000000     
   5.1089902672796352        70.838423858663106     
   5.1089902672796352        70.838423858663106     
   5.1089902672796352        0.0000000000000000     
   5.1339902672796356        0.0000000000000000     
   5.1339902672796356        34.193396368113149     
   5.1339902672796356        34.193396368113149     
   5.1339902672796356        0.0000000000000000     
   5.1589902672796351        0.0000000000000000     
   5.1589902672796351        0.0000000000000000     
   5.1589902672796351        0.0000000000000000     
   5.1589902672796351        0.0000000000000000     
   5.1839902672796345        0.0000000000000000     
   5.1839902672796345        66.415614503551765     
   5.1839902672796345        66.415614503551765     
   5.1839902672796345        0.0000000000000000     
   5.2089902672796349        0.0000000000000000     
   5.2089902672796349        37.926941025068693     
   5.2089902672796349        37.926941025068693     
   5.2089902672796349        0.0000000000000000     
   5.2339902672796352        0.0000000000000000     
   5.2339902672796352        33.343061860565591     
   5.2339902672796352        33.343061860565591     
   5.2339902672796352        0.0000000000000000     
   5.2589902672796356        0.0000000000000000     
   5.2589902672796356        113.51454662442183     
   5.2589902672796356        113.51454662442183     
   5.2589902672796356        0.0000000000000000     
   5.2839902672796351        0.0000000000000000     
   5.2839902672796351        36.771558731444266     
   5.2839902672796351        36.771558731444266     
   5.2839902672796351        0.0000000000000000     
   5.3089902672796345        0.0000000000000000     
   5.3089902672796345        37.122313151423008     
   5.3089902672796345        37.122313151423008     
   5.3089902672796345        0.0000000000000000     
   5.3339902672796349        0.0000000000000000     
   5.3339902672796349        37.778994327920223     
   5.3339902672796349        37.778994327920223     
   5.3339902672796349        0.0000000000000000     
   5.3589902672796352        0.0000000000000000     
   5.3589902672796352        72.186555119620607     
   5.3589902672796352        72.186555119620607     
   5.3589902672796352        0.0000000000000000     
   5.3839902672796356        0.0000000000000000     
   5.3839902672796356        71.137430769866597     
   5.3839902672796356        71.137430769866597     
   5.3839902672796356        0.0000000000000000     
   5.4089902672796351        0.0000000000000000     
   5.4089902672796351        37.098938994228938     
   5.4089902672796351        37.098938994228938     
   5.4089902672796351        0.0000000000000000     
   5.4339902672796345        0.0000000000000000     
   5.4339902672796345        0.0000000000000000     
   5.4339902672796345        0.0000000000000000     
   5.4339902672796345        0.0000000000000000     
   5.4589902672796349        0.0000000000000000     
   5.4589902672796349        37.566743014255657     
   5.4589902672796349        37.566743014255657     
   5.4589902672796349        0.0000000000000000     
   5.4839902672796352        0.0000000000000000     
   5.4839902672796352        0.0000000000000000     
   5.4839902672796352        0.0000000000000000     
   5.4839902672796352        0.0000000000000000     
   5.5089902672796356        0.0000000000000000     
   5.5089902672796356        37.784912721748995     
   5.5089902672796356        37.784912721748995     
   5.5089902672796356        0.0000000000000000     
   5.5339902672796351        0.0000000000000000     
   5.5339902672796351        67.929759469505029     
   5.5339902672796351        67.929759469505029     
   5.5339902672796351        0.0000000000000000     
   5.5589902672796345        0.0000000000000000     
   5.5589902672796345        104.67121780895238     
   5.5589902672796345        104.67121780895238     
   5.5589902672796345        0.0000000000000000     
   5.5839902672796349        0.0000000000000000     
   5.5839902672796349        0.0000000000000000     
   5.5839902672796349        0.0000000000000000     
   5.5839902672796349        0.0000000000000000     
   5.6089902672796352        0.0000000000000000     
   5.6089902672796352        0.0000000000000000     
   5.6089902672796352        0.0000000000000000     
   5.6089902672796352        0.0000000000000000     
   5.6339902672796356        0.0000000000000000     
   5.6339902672796356        0.0000000000000000     
   5.6339902672796356        0.0000000000000000     
   5.6339902672796356        0.0000000000000000     
   5.6589902672796351        0.0000000000000000     
   5.6589902672796351        33.434557141948254     
   5.6589902672796351        33.434557141948254     
   5.6589902672796351        0.0000000000000000     
   5.6839902672796345        0.0000000000000000     
   5.6839902672796345        0.0000000000000000     
   5.6839902672796345        0.0000000000000000     
   5.6839902672796345        0.0000000000000000     
   5.7089902672796349        0.0000000000000000     
   5.7089902672796349        37.603766785273464     
   5.7089902672796349        37.603766785273464     
   5.7089902672796349        0.0000000000000000     
   5.7339902672796352        0.0000000000000000     
   5.7339902672796352        37.827229393162469     
   5.7339902672796352        37.827229393162469     
   5.7339902672796352        0.0000000000000000     
   5.7589902672796356        0.0000000000000000     
   5.7589902672796356        66.058426188603605     
   5.7589902672796356        66.058426188603605     
   5.7589902672796356        0.0000000000000000     
   5.7839902672796351        0.0000000000000000     
   5.7839902672796351        72.245351512907149     
   5.7839902672796351        72.245351512907149     
   5.7839902672796351        0.0000000000000000     
   5.8089902672796345        0.0000000000000000     
   5.8089902672796345        0.0000000000000000     
   5.8089902672796345        0.0000000000000000     
   5.8089902672796345        0.0000000000000000     
   5.8339902672796349        0.0000000000000000     
   5.8339902672796349        70.243427317097030     
   5.8339902672796349        70.243427317097030     
   5.8339902672796349        0.0000000000000000     
   5.8589902672796352        0.0000000000000000     
   5.8589902672796352        0.0000000000000000     
   5.8589902672796352        0.0000000000000000     
   5.8589902672796352        0.0000000000000000     
   5.8839902672796356        0.0000000000000000     
   5.8839902672796356        74.999549825893638     
   5.8839902672796356        74.999549825893638     
   5.8839902672796356        0.0000000000000000     
   5.9089902672796351        0.0000000000000000     
   5.9089902672796351        69.702357915708632     
   5.9089902672796351        69.702357915708632     
   5.9089902672796351        0.0000000000000000     
   5.9339902672796345        0.0000000000000000     
   5.9339902672796345        32.744011265159180     
   5.9339902672796345        32.744011265159180     
   5.9339902672796345        0.0000000000000000     
   5.9589902672796349        0.0000000000000000     
   5.9589902672796349        33.236647477675042     
   5.9589902672796349        33.236647477675042     
   5.9589902672796349        0.0000000000000000     
   5.9839902672796352        0.0000000000000000     
   5.9839902672796352        0.0000000000000000     
   5.9839902672796352        0.0000000000000000     
   5.9839902672796352        0.0000000000000000     
   6.0089902672796356        0.0000000000000000     
   6.0089902672796356        73.314138409819606     
   6.0089902672796356        73.314138409819606     
   6.0089902672796356        0.0000000000000000     
   6.0339902672796351        0.0000000000000000     
   6.0339902672796351        37.481716219363776     
   6.0339902672796351        37.481716219363776     
   6.0339902672796351        0.0000000000000000     
   6.0589902672796345        0.0000000000000000     
   6.0589902672796345        71.721943638589025     
   6.0589902672796345        71.721943638589025     
   6.0589902672796345        0.0000000000000000     
   6.0839902672796349        0.0000000000000000     
   6.0839902672796349        34.042840576002995     
   6.0839902672796349        34.042840576002995     
   6.0839902672796349        0.0000000000000000     
   6.1089902672796352        0.0000000000000000     
   6.1089902672796352        37.089809035522521     
   6.1089902672796352        37.089809035522521     
   6.1089902672796352        0.0000000000000000     
   6.1339902672796356        0.0000000000000000     
   6.1339902672796356        33.692247371115876     
   6.1339902672796356        33.692247371115876     
   6.1339902672796356        0.0000000000000000     
   6.1589902672796351        0.0000000000000000     
   6.1589902672796351        0.0000000000000000     
   6.1589902672796351        0.0000000000000000     
   6.1589902672796351        0.0000000000000000     
   6.1839902672796345        0.0000000000000000     
   6.1839902672796345        70.545457599570710     
   6.1839902672796345        70.545457599570710     
   6.1839902672796345        0.0000000000000000     
   6.2089902672796349        0.0000000000000000     
   6.2089902672796349        111.56801874796315     
   6.2089902672796349        111.56801874796315     
   6.2089902672796349        0.0000000000000000     
   6.2339902672796352        0.0000000000000000     
   6.2339902672796352        39.003554386689366     
   6.2339902672796352        39.003554386689366     
   6.2339902672796352        0.0000000000000000     
   6.2589902672796356        0.0000000000000000     
   6.2589902672796356        149.60930387175125     
   6.2589902672796356        149.60930387175125     
   6.2589902672796356        0.0000000000000000     
   6.2839902672796351        0.0000000000000000     
   6.2839902672796351        33.232391758666722     
   6.2839902672796351        33.232391758666722     
   6.2839902672796351        0.0000000000000000     
   6.3089902672796345        0.0000000000000000     
   6.3089902672796345        71.514506799313992     
   6.3089902672796345        71.514506799313992     
   6.3089902672796345        0.0000000000000000     
   6.3339902672796349        0.0000000000000000     
   6.3339902672796349        104.09150138243348     
   6.3339902672796349        104.09150138243348     
   6.3339902672796349        0.0000000000000000     
   6.3589902672796352        0.0000000000000000     
   6.3589902672796352        0.0000000000000000     
   6.3589902672796352        0.0000000000000000     
   6.3589902672796352        0.0000000000000000     
   6.3839902672796356        0.0000000000000000     
   6.3839902672796356        32.406138349927225     
   6.3839902672796356        32.406138349927225     
   6.3839902672796356        0.0000000000000000     
   6.4089902672796351        0.0000000000000000     
   6.4089902672796351        65.636977345397085     
   6.4089902672796351        65.636977345397085     
   6.4089902672796351        0.0000000000000000     
   6.4339902672796345        0.0000000000000000     
   6.4339902672796345        70.833235816781837     
   6.4339902672796345        70.833235816781837     
   6.4339902672796345        0.0000000000000000     
   6.4589902672796349        0.0000000000000000     
   6.4589902672796349        150.82327102419427     
   6.4589902672796349        150.82327102419427     
   6.4589902672796349        0.0000000000000000     
   6.4839902672796352        0.0000000000000000     
   6.4839902672796352        32.938353167768035     
   6.4839902672796352        32.938353167768035     
   6.4839902672796352        0.0000000000000000     
   6.5089902672796356        0.0000000000000000     
   6.5089902672796356        32.297922270523983     
   6.5089902672796356        32.297922270523983     
   6.5089902672796356        0.0000000000000000     
   6.5339902672796351        0.0000000000000000     
   6.5339902672796351        142.52069157161941     
   6.5339902672796351        142.52069157161941     
   6.5339902672796351        0.0000000000000000     
   6.5589902672796345        0.0000000000000000     
   6.5589902672796345        0.0000000000000000     
   6.5589902672796345        0.0000000000000000     
   6.5589902672796345        0.0000000000000000     
   6.5839902672796349        0.0000000000000000     
   6.5839902672796349        33.159014730995096     
   6.5839902672796349        33.159014730995096     
   6.5839902672796349        0.0000000000000000     
   6.6089902672796352        0.0000000000000000     
   6.6089902672796352        0.0000000000000000     
   6.6089902672796352        0.0000000000000000     
   6.6089902672796352        0.0000000000000000     
   6.6339902672796356        0.0000000000000000     
   6.6339902672796356        0.0000000000000000     
   6.6339902672796356        0.0000000000000000     
   6.6339902672796356        0.0000000000000000     
   6.6589902672796351        0.0000000000000000     
   6.6589902672796351        77.505881579055497     
   6.6589902672796351        77.505881579055497     
   6.6589902672796351        0.0000000000000000     
   6.6839902672796345        0.0000000000000000     
   6.6839902672796345        70.001333382749749     
   6.6839902672796345        70.001333382749749     
   6.6839902672796345        0.0000000000000000     
   6.7089902672796349        0.0000000000000000     
   6.7089902672796349        0.0000000000000000     
   6.7089902672796349        0.0000000000000000     
   6.7089902672796349        0.0000000000000000     
   6.7339902672796352        0.0000000000000000     
   6.7339902672796352        39.966882330211568     
   6.7339902672796352        39.966882330211568     
   6.7339902672796352        0.0000000000000000     
   6.7589902672796356        0.0000000000000000     
   6.7589902672796356        0.0000000000000000     
   6.7589902672796356        0.0000000000000000     
   6.7589902672796356        0.0000000000000000     
   6.7839902672796351        0.0000000000000000     
   6.7839902672796351        37.470176065701885     
   6.7839902672796351        37.470176065701885     
   6.7839902672796351        0.0000000000000000     
   6.8089902672796345        0.0000000000000000     
   6.8089902672796345        70.529790568571329     
   6.8089902672796345        70.529790568571329     
   6.8089902672796345        0.0000000000000000     
   6.8339902672796349        0.0000000000000000     
   6.8339902672796349        32.928211616923804     
   6.8339902672796349        32.928211616923804     
   6.8339902672796349        0.0000000000000000     
   6.8589902672796352        0.0000000000000000     
   6.8589902672796352        0.0000000000000000     
   6.8589902672796352        0.0000000000000000     
   6.8589902672796352        0.0000000000000000     
   6.8839902672796356        0.0000000000000000     
   6.8839902672796356        0.0000000000000000     
   6.8839902672796356        0.0000000000000000     
   6.8839902672796356        0.0000000000000000     
   6.9089902672796351        0.0000000000000000     
   6.9089902672796351        0.0000000000000000     
   6.9089902672796351        0.0000000000000000     
   6.9089902672796351        0.0000000000000000     
   6.9339902672796345        0.0000000000000000     
   6.9339902672796345        70.437985493250807     
   6.9339902672796345        70.437985493250807     
   6.9339902672796345        0.0000000000000000     
   6.9589902672796349        0.0000000000000000     
   6.9589902672796349        0.0000000000000000     
   6.9589902672796349        0.0000000000000000     
   6.9589902672796349        0.0000000000000000     
   6.9839902672796352        0.0000000000000000     
   6.9839902672796352        0.0000000000000000     
   6.9839902672796352        0.0000000000000000     
   6.9839902672796352        0.0000000000000000     
   7.0089902672796356        0.0000000000000000     
   7.0089902672796356        76.947907140174223     
   7.0089902672796356        76.947907140174223     
   7.0089902672796356        0.0000000000000000     
   7.0339902672796351        0.0000000000000000     
   7.0339902672796351        0.0000000000000000     
   7.0339902672796351        0.0000000000000000     
   7.0339902672796351        0.0000000000000000     
   7.0589902672796345        0.0000000000000000     
   7.0589902672796345        32.167044730919606     
   7.0589902672796345        32.167044730919606     
   7.0589902672796345        0.0000000000000000     
   7.0839902672796349        0.0000000000000000     
   7.0839902672796349        0.0000000000000000     
   7.0839902672796349        0.0000000000000000     
   7.0839902672796349        0.0000000000000000     
   7.1089902672796352        0.0000000000000000     
   7.1089902672796352        38.221142239987735     
   7.1089902672796352        38.221142239987735     
   7.1089902672796352        0.0000000000000000     
   7.1339902672796356        0.0000000000000000     
   7.1339902672796356        0.0000000000000000     
   7.1339902672796356        0.0000000000000000     
   7.1339902672796356        0.0000000000000000     
   7.1589902672796351        0.0000000000000000     
   7.1589902672796351        0.0000000000000000     
   7.1589902672796351        0.0000000000000000     
   7.1589902672796351        0.0000000000000000     
   7.1839902672796345        0.0000000000000000     
   7.1839902672796345        32.402587407048529     
   7.1839902672796345        32.402587407048529     
   7.1839902672796345        0.0000000000000000     
   7.2089902672796349        0.0000000000000000     
   7.2089902672796349        33.028631275392485     
   7.2089902672796349        33.028631275392485     
   7.2089902672796349        0.0000000000000000     
   7.2339902672796352        0.0000000000000000     
   7.2339902672796352        109.56166184431069     
   7.2339902672796352        109.56166184431069     
   7.2339902672796352        0.0000000000000000     
   7.2589902672796356        0.0000000000000000     
   7.2589902672796356        0.0000000000000000     
   7.2589902672796356        0.0000000000000000     
   7.2589902672796356        0.0000000000000000     
 TOTAL INTENSITY OF THESE BINS   6580.8435023185784     
