  -161.86115264645403     
   58.880302591766238     
  -8.0450478694146597     
   58.659496219987091     
  -66.763809635675756     
  -309.16677193177594     
  -1.5416224445081115     
  -16.059799524324216     
   55.664682659957677     
   42.110850967932741     
  -63.961058351688500     
   115.12962355197816     
  -13.860611134426156     
  -9.5120514204924831     
   105.61985937788312     
  -11.890778446990524     
   19.571767783020793     
   127.63751214636881     
  -3.7962960874546923     
  -23.879221758424062     
   31.703408809570711     
   3.9613724119080924     
   32.498190391736273     
  -44.255346382076780     
   5.5056910530407990     
   5.8405861127646190     
   13.601905068716611     
   71.026163513598505     
   14.630423435380978     
  -84.883567080391501     
  -1.7148567233241607     
  -15.182144364541125     
   22.624933718121920     
