 -0.53420863854257605     
  0.38512921373497805     
  0.54551574099922429     
  -5.0820589516374991E-002
  -6.8050710830843783E-002
  0.32466547959673875     
   1.0585791948045065E-002
 -0.32234063896609233     
  -2.1875108441198547E-002
  0.16046175691724365     
   1.2337486263985882E-002
  -7.8561146880442523E-002
  -8.2995516804762207E-002
   8.0909877817256351E-002
  -5.4326069961332588E-002
   6.9308803157879300E-003
  -1.3722068760561396E-002
  -4.1100801486177972E-002
   7.6293125109508815E-003
   8.1966786698332607E-003
  -4.4864674086780008E-004
   9.0361754858906407E-003
   1.0633712907701293E-003
  -2.2573382903904840E-003
  -3.8054868104354204E-003
  -1.4959497511665084E-002
  -4.6707174564731271E-003
   4.2473757902720261E-003
  -1.8797244601234379E-002
   1.2361713051902009E-003
  -1.5085443427475908E-002
   8.8242568034713684E-003
   7.6346395051610305E-003
 -0.67930772715418752     
   6.9076672844406795E-003
 -0.58497975792134038     
  0.16608432339041698     
   9.6494298640578999E-002
 -0.21806054360640170     
  0.16327692474990149     
  -3.5502627893219674E-002
  0.13621691868523139     
   7.8357435256273492E-002
  -1.6900236076237807E-002
 -0.17692885501034941     
   5.4183004939276198E-002
   3.2627214379318932E-002
 -0.10802776191951122     
  -1.5325969669604804E-002
  -1.2128177785849280E-002
   3.4354800499756012E-002
   1.6957904679628672E-002
   4.3836137117371837E-003
  -8.7514188326230050E-002
   8.0041741575320614E-003
   3.2180381428873611E-002
  -1.1301709418173898E-002
  -2.5522643870877919E-002
   8.3472433477658151E-003
  -4.3679234810921298E-003
  -1.9617570216145137E-002
  -2.6421880382706251E-005
   6.3465215780821125E-005
   2.1715041719664332E-003
   8.1043030389369268E-003
  -4.6258391681942299E-003
   9.7235310766927791E-002
   3.1437323308516729E-002
  0.23198148903802590     
  -1.7733087525734641E-002
 -0.33569317941572208     
 -0.49073166065705859     
  0.26716192088044505     
  0.18470941236022734     
  0.17989982108507749     
  0.60080437246108864     
   9.6047927178497264E-002
  -8.7967355122103491E-002
  -1.7720343294124568E-002
   8.6980093292352581E-002
   1.2584855098856223E-002
 -0.16456868984548667     
  -9.5239809572226566E-003
   8.0628881224051402E-002
   5.6249077268484347E-002
   7.0699576388220248E-002
   3.0607150214795480E-002
  -1.4618782322275915E-002
   9.1439870625500061E-002
   3.9467848432910499E-002
  -2.6593005130578922E-002
  -4.4454418976216818E-002
   1.1435360792614629E-002
   2.8520120342581060E-004
   3.1679825954826220E-002
  -3.0208049548743785E-003
  -2.9724080893462238E-002
   1.8538469262926224E-002
  -1.1608639081252942E-002
 -0.30359572211602037     
 -0.25221207133195422     
  0.20111069810920651     
  0.35500771971954431     
 -0.40149987457516323     
 -0.19499738151731655     
 -0.37542397865755250     
   7.9993268601579764E-002
  0.14152866148740953     
 -0.19163384787989957     
 -0.11184363865383062     
  0.41586336720889489     
  0.18100727553205448     
  -8.9195019723173289E-003
  0.12936643158377226     
   9.6442927297591644E-002
  -4.2276567283464191E-002
   4.6197555173141579E-002
  -7.6062624987286572E-003
   4.0419068430282250E-002
  0.12201757170388486     
   2.7912107525606588E-002
  -1.5383796674037111E-002
   1.8510960790037861E-002
   6.7458547650819697E-002
  -1.8082253828549597E-002
   1.3843958412988855E-002
   4.9945059132332804E-002
  -5.1667382952664412E-003
  -2.5967004034060117E-003
   1.4030548832710639E-002
  -1.9227045190715768E-002
   8.1014188514670765E-003
 -0.23796523684864482     
   9.9472696403421060E-002
   8.7757685046349856E-002
 -0.25447378390808939     
   2.4350429794607335E-002
 -0.15951724645783472     
  0.43171504567362573     
  0.27477712857247705     
 -0.39389012523770384     
 -0.24841232944281955     
  0.20587750571689403     
  0.44320691595400369     
  -3.6492359295860415E-002
 -0.30393035322183903     
   1.1202345822821709E-002
 -0.10239882283388202     
   2.5076578736441184E-002
   9.5367104969573142E-003
   3.9319936112932732E-002
   2.0992508569433393E-002
   3.7061267748329504E-002
   2.1938803127408674E-002
   4.7473125045151311E-002
  -4.0128115457432612E-003
  -1.7836246533877546E-003
   3.8627306868205445E-002
   1.6396728394840302E-002
  -2.1370783891753228E-002
   2.9142676248692899E-002
  -1.9770459680840953E-003
   4.2898400186195070E-002
  -3.0572080538646254E-002
  -2.0684519472974013E-002
   4.8567777171572804E-002
 -0.23286480742781751     
  -2.0738862835585528E-002
  0.64715061098049298     
  -8.3299886491452355E-002
  0.45133828185506114     
  0.33429961449633344     
   9.6077651863752528E-002
 -0.33637953958978617     
  0.19860103941326598     
  0.11101865309230478     
  -2.8326169171121705E-002
   2.0339027160288348E-002
   8.0597678865194054E-003
   7.0912381732156346E-002
  -8.9725245962067074E-002
  -2.5234886779690543E-002
   7.6780953282345771E-002
   3.1514678538783536E-002
   4.6914208754298456E-002
   2.5944222081219707E-002
  -2.3540978842064464E-002
   4.2175785035122308E-002
   2.2291549073533760E-002
   1.5557021151951236E-004
  -7.1124248794367901E-004
  -2.5609293982606115E-003
   1.7944187247905263E-003
  -3.8806341422396406E-003
  -1.1531251279336425E-003
  -2.0487059197246515E-003
   3.1247368502757755E-003
   3.0359936704836798E-004
  0.14676089173160417     
  0.69339562788388331     
 -0.28357861846842775     
  0.19169923759848298     
 -0.32083877773321490     
  0.13117061045126877     
 -0.14502731522284082     
  0.26617513117608499     
   8.9583279685900616E-002
 -0.10413291389932640     
  0.19186501656871319     
  0.17213103199226246     
 -0.14268486579070572     
  0.17800295254966228     
  -8.1483046687196525E-002
  -2.1511819731386286E-002
  -2.3786730019766923E-002
   4.9543800120874219E-002
   3.2616347497805322E-002
  -5.1153629999708253E-002
  -9.6963205148700771E-002
   1.0531509052097970E-002
   2.5798236163352979E-002
  -2.3451179944074686E-003
   9.6914691796446007E-003
   3.2255073440839157E-003
   8.4508765603210027E-003
  -6.3826781240877775E-002
   1.5471640005660973E-002
   6.3062808639542298E-004
  -3.5621091724543218E-002
  -3.1677563330978570E-002
   1.9238611506137333E-002
   2.1763739689798955E-002
  0.29034216747854286     
  0.13580982215059306     
  0.32556485773908739     
  0.53083858694611330     
 -0.33748757560712983     
 -0.25735270160443108     
  0.12311051623170431     
 -0.34385065955277944     
  0.19268884357929841     
 -0.25732758510474868     
   5.4334884651752582E-002
  -5.1968461642991445E-002
  -4.0212896423644007E-002
  -3.4987760177257250E-002
   1.2878157881424806E-002
 -0.15748098284007730     
  0.14206782496000667     
  -9.8651151224860775E-002
  -2.8753534683681982E-003
   2.5071980883848627E-002
  -4.4072593694002744E-002
  -5.3388853024502692E-002
  -3.0929763875238020E-002
   7.9978847557475835E-002
  -7.4717053078679589E-003
  -2.1200287685527318E-003
   6.7385613071337863E-002
  -1.4106817134082765E-002
  -1.7361297536224957E-003
  -9.1878206254943764E-002
  -4.8155408042911949E-002
  -2.0368970259715992E-002
  -1.9364107527034100E-003
  -7.7334381923789927E-002
 -0.23135689731164730     
 -0.17521702152108468     
 -0.22531819257486393     
  -8.6422188197142383E-002
 -0.32920609578242610     
 -0.34818382508513418     
 -0.49924552796760463     
  0.29516498369081645     
  0.36601467401830418     
  0.11108676808061325     
  0.12862728463413967     
   4.3889252633196853E-002
   4.4434728151041693E-002
  -5.0428458976929630E-002
 -0.17597611847098410     
 -0.13181659936917206     
 -0.15655085240531724     
  -4.7182324552347471E-002
 -0.13402524854066641     
  -1.6080402208047691E-002
 -0.10239204318383063     
  -8.7177753066754512E-003
   2.0416910824598955E-002
   7.6608495286515477E-002
   2.3763247148939185E-002
   5.3430128800809778E-004
  -1.8396619258716281E-003
  -3.6216492737951508E-003
  -4.1151853585741006E-002
   6.1026839592929795E-002
  -1.1608150606037404E-002
   4.6462547356844575E-002
   8.9764161773950871E-002
 -0.20781928885399353     
 -0.24067874859101901     
 -0.20845168611935255     
  0.23498934844454200     
  0.13466424870280411     
  -2.9658339818031700E-002
  -7.8987777447950200E-002
  0.28635860282922748     
 -0.70210989683530090     
  0.28071577889756133     
  0.22065106716247709     
 -0.10160096685886373     
  -2.8973018588713463E-002
   8.7456216623286939E-002
 -0.13129814642187929     
  0.12340747521073095     
   3.4125317404997801E-002
   1.5633179459864854E-003
  -7.5817525306547104E-002
   2.0741163054993232E-002
   3.6625287467894833E-002
   6.4796484824279424E-003
   4.0431015301143416E-002
  -4.0633909783833926E-003
  -2.9372136599443467E-003
  -8.7660191594269871E-003
  -9.4443420455290628E-003
   1.0042527697413806E-003
  -1.3286970553802601E-002
  -1.3418216545944510E-002
  -1.0186237157569169E-002
   7.3775772822875993E-002
   3.1960687299165708E-002
  -7.0259746169351933E-002
   9.6039695120533120E-002
  0.30505748825973938     
  0.13905959706281720     
   4.2987042483734490E-003
 -0.26083742686298939     
  0.48906422853274500     
  0.26353147719115161     
  0.24946229164433725     
  0.45828116827631304     
  -1.9066950941560107E-002
 -0.38186950583307866     
   9.6550636571382686E-002
 -0.19858066237502120     
 -0.10324983515671493     
   6.3458695305679644E-002
  -5.8903465740592881E-002
  -1.7278543554665470E-002
  -1.9995978700155662E-003
   3.7703524304774860E-002
  -1.4581789019947207E-002
  -2.7543418055196271E-002
   6.2729436505052846E-003
   1.8980640090522201E-002
   1.0047437841933550E-002
   1.1342772224619431E-003
  -4.0900607488065684E-002
   2.7927039887009650E-003
  -8.2019257443886645E-004
   6.6776701262506021E-003
  -3.6215207506903871E-003
  -1.7804527434155989E-002
  -2.8968851417995784E-002
  -5.2061380119385117E-002
  -7.5160809108524879E-002
 -0.19724135180802932     
  -3.6576383927143532E-003
 -0.13801349189845152     
 -0.13480518133667060     
  -7.8184541068196778E-002
  -7.3001675194667132E-002
   4.1007517602743987E-002
 -0.23712703069802490     
 -0.34084719023546245     
 -0.35605590632959017     
  0.10964528083412318     
   4.2348637377058761E-002
  -2.8752367663589445E-002
  0.74964268878618168     
   6.6608699000332422E-002
   7.6583567166346581E-002
   3.9010940951808376E-002
  -6.5879913614550173E-002
   3.8605072278313501E-002
   2.6945788151607006E-002
   4.3026917307464684E-002
   5.5044979789784523E-002
  -1.8437692456300319E-002
   2.2771145841319249E-003
  -2.0259913886464666E-002
   1.0483982778634018E-004
   2.9282516383200147E-002
  -2.0213384274433636E-002
   1.2311450601541638E-002
   5.3631531066908574E-003
  -6.0911544399001337E-002
   6.1536283222809109E-002
 -0.12434417552476647     
  0.10132713606899414     
   3.9014321480931938E-002
  0.19138777484564820     
  -4.2490466695607318E-003
  0.10104966339655620     
 -0.20114665916939609     
  0.11447123485068131     
   5.0138817379765103E-002
  0.21033459283206921     
  0.47987037184873732     
  -2.8078905986581863E-002
 -0.11878797105160993     
 -0.60831294719506612     
  0.37089870883151743     
 -0.21218143297407069     
   2.6689636406600555E-002
   4.4682210130806178E-002
  -3.4809618383362793E-002
   7.5165631020454775E-003
  -2.1255072067157144E-002
   7.4605135019567170E-002
  -1.1660493413437251E-002
   5.7420017005903601E-003
   8.2072722079695223E-002
  -7.4958488722013219E-003
  -1.9100741076342649E-003
  -4.7725386960500861E-002
  -3.1675562230302233E-002
  -6.5532707646519966E-004
  -3.8210699882376986E-003
   7.1012930724277071E-002
  -1.7572975318414983E-002
  -8.5886472418473650E-002
  0.19289174470960588     
   3.6080270388382171E-002
  -7.5761275934694047E-002
  -4.3819975870971403E-002
  -6.2280841304384091E-002
   7.6090054531864890E-002
  0.13786950684890908     
  0.13630466548173675     
  0.46287410980576549     
  0.30558990163025740     
  0.13030085540973008     
  -4.4637187354701770E-002
  0.57947336341917643     
  0.38860974270654397     
  0.25277720704796042     
   8.5971241756991737E-002
   2.3398531320777880E-002
  -7.4361352411542190E-003
  -1.9633104920391289E-003
   2.2260620340166147E-002
  -2.1820789171268767E-002
  -6.2215204541630098E-002
  -2.4198874806702832E-002
   1.0367066938629531E-002
  -4.6353585579579477E-002
   2.0225287779948209E-003
   9.5687063849038082E-003
  -2.0547542749199652E-002
   1.7927787835379599E-002
   2.8924309826744668E-002
  -1.9843418405114852E-003
  -4.6087220998587903E-004
   4.2537238377902973E-003
   7.9408239067840031E-002
  -2.4242896119301530E-002
  0.15125664277035453     
   1.8323078678878768E-003
   4.2874557672340642E-002
  0.15434452278316454     
  0.22548123258494132     
  0.11483467533801416     
  -2.2911472965751998E-002
   4.3830762732649908E-002
  -5.1005637567955739E-003
  0.92971331075146224     
  -7.6747513834469080E-002
   4.1662633622574115E-002
   4.1844224113205521E-002
  -2.6281705361721142E-002
   3.3363602993114451E-002
  -1.3182854484005696E-002
   2.8866312569973365E-002
   2.0042012061637617E-002
   1.4279006886117808E-003
   8.1319965292560911E-003
  -5.4346044411333252E-003
  -6.1573219206345481E-003
  -6.4146293060360626E-003
  -1.1244421169272296E-003
   7.7669763603609885E-003
  -4.3489413815010221E-004
   3.1014632845334281E-003
   4.4305979946280619E-002
   8.4025291848913844E-002
   1.7646148046789323E-002
   1.3760822985133715E-002
  -9.6255174252513037E-002
   5.2784308954185753E-002
  -2.1666311904012799E-002
   6.1685796819047622E-002
   3.9185509159686278E-002
  -3.7118769926465900E-002
  0.11789157532816991     
 -0.15625223118800358     
  0.36507852678784519     
 -0.32255853625896153     
 -0.41464519782051101     
   4.5060141590725293E-002
   2.3992923524295180E-002
  -1.3440203410258211E-002
 -0.11786623724414183     
  0.22743629318834052     
   5.7396390406439089E-002
 -0.11304531029789218     
  -1.5382845361227452E-002
   3.7587529531859119E-003
 -0.13039909091749258     
   5.4166432978339889E-002
   7.6082954025698509E-003
  0.55525296273133939     
  -5.7925661483226233E-002
  -3.0088056725546576E-003
 -0.26832475924913002     
 -0.18662094956648853     
  -2.1077688444325560E-002
   1.0484112110284225E-002
 -0.15547911916542043     
  0.12074454510949612     
   2.3942298642465758E-002
   1.6956931759988091E-002
   3.0095028303117440E-002
 -0.11783716169197229     
   7.7339067119711252E-002
   2.3061176441724145E-003
   4.3358228105930943E-002
   7.4400501431265906E-002
   5.4574485776793656E-002
  0.10514975771881829     
  -7.3753889818398144E-002
 -0.75169652515427710     
  -2.8505530669836472E-002
   2.8048324483961355E-003
  0.14857129261320295     
   4.1331837928242000E-002
 -0.16848562198871367     
 -0.14268498002964772     
  -7.1701690150954012E-002
   1.7356936784143819E-002
   9.1211452825996658E-002
   6.8922534429779775E-002
  -6.1302411994983680E-002
   1.8843567762369682E-003
 -0.43542475402082276     
  -6.3736693456460242E-002
   1.0600288313128819E-002
  0.22507322766513382     
   7.2457740234583110E-002
  -4.7549308603362261E-002
  -3.7216491553866818E-002
   8.5122075414903048E-002
   3.4980919119842233E-002
  -1.8458126273572451E-002
  -4.3661535671585136E-002
   1.6664819985980659E-002
   6.5421011099251070E-003
  0.18601605623203535     
   1.4136026566566430E-002
   3.3876216660999284E-002
   3.4577464392028426E-002
 -0.17395100693123022     
  0.21387516852454924     
 -0.14675738966689000     
  0.26344601893897263     
   2.2848373025675491E-002
  -4.8333295559360265E-002
   5.3807852807014542E-003
 -0.21858144547060421     
 -0.31521277893493643     
  -6.1334069536772243E-002
  -2.8218268594519383E-002
 -0.16276935451116908     
  -2.9555268409157721E-002
 -0.14862712668354011     
 -0.14766973491130370     
   5.9658105388794968E-003
  -5.0214999388021153E-002
 -0.63017016765384037     
   5.3009924672466693E-003
  0.32549248530224356     
 -0.22788510757747968     
   8.2022508454792347E-003
  -4.3706770174289540E-003
  -7.3906169896088059E-002
  0.12136119042395728     
   2.8543294085881070E-002
   1.5873230163327531E-002
  -2.1701219555117064E-002
  -3.0594406239631670E-002
   1.4145853135209349E-002
   2.1407077798768534E-002
  -5.9791842328493820E-002
   1.4762089582335011E-002
  -1.9207682135468102E-002
   7.7914830152824785E-002
  -4.9316610449731867E-002
  0.12400882750835449     
   2.6448842918117284E-002
   4.9314137899243733E-003
   1.0663523857544998E-002
   7.3590912862021218E-003
  -9.4224845228765466E-002
 -0.61849083851222597     
 -0.15776949272322791     
  0.50025980301860906     
 -0.37222206840074257     
  -1.4703678865764454E-002
   2.4902979639828536E-002
   4.5855823837954515E-002
 -0.10556978220907605     
   4.6985546895480269E-002
   4.4563689566134296E-003
 -0.26009439301518489     
 -0.22504503518675553     
   8.9487432079554632E-002
  -4.9641408766167863E-002
  -6.5694801016156962E-002
  -3.3062935875791073E-002
  -4.6947713072904310E-002
  -2.5030605808916282E-002
   2.4291886282297052E-002
   4.7658812384715227E-002
   1.7487453160482645E-002
   1.8360537240304387E-002
   1.1663819852997198E-002
   4.2607348847460980E-003
   7.5626721889320181E-002
 -0.12067439582835268     
   2.0064673782356938E-002
  -7.1279930908628518E-004
  -3.5205722015382211E-002
   5.2590847697140855E-002
  -7.5511442620527667E-003
  0.12993680237783892     
 -0.47164026862581915     
   4.7386738261540592E-002
 -0.57937018910343552     
 -0.17701837959557995     
   7.0968094517892558E-002
  0.23486325180248643     
 -0.36092015936273147     
 -0.10301343605051055     
  0.20695893850686270     
   1.1400715254814269E-002
   2.3808914481748517E-002
 -0.28784616661774848     
  0.10686499075606000     
  0.11590870047327154     
   3.5000293373412092E-003
  -3.3203565254537971E-002
  -6.0881134424766441E-002
  -5.3287032754064718E-002
  -2.2815981372031254E-004
   2.9920709135875960E-002
  -6.2733858560648809E-002
  -3.4683445680473582E-003
  -3.6416886434479531E-002
   7.1701590836631066E-002
   6.5545118152730661E-002
  -4.6648935956241575E-002
  -3.8338908472426908E-002
   2.0258486321720851E-002
 -0.11337364455492574     
  -4.1057341933196059E-002
  -8.2938566439424280E-002
  -7.8656823227112593E-002
  0.38001937973950778     
 -0.12807937089705546     
  0.28736263167629356     
  0.26942335454302141     
  0.21110776486535490     
 -0.40164502061246404     
  0.51890390579978618     
  -3.3447065176631756E-002
  0.11801240877189124     
  0.20071095414059198     
 -0.17496710469966689     
  -2.5632477128023908E-002
  0.13147575500852399     
 -0.21999851875333543     
  -4.0663408689558443E-002
  -1.1866579863123854E-002
  -2.2838703987173099E-002
   1.0281306031191446E-002
  -1.8607287930483257E-002
   4.5047062188826203E-002
   1.0319223485647034E-002
  -4.2801228299673623E-002
   3.6845107934040220E-003
  -1.4747898979452841E-002
  -1.1331056454484172E-002
   4.2461451371348512E-002
  -4.8799040591181356E-002
   2.3796402569388839E-002
  -3.6769652546361359E-002
   6.4237530455110853E-002
  -1.6570386503701299E-002
  -5.1917536192853421E-002
  -1.7743141954672394E-002
   6.2850861447591874E-002
 -0.20130176168411304     
 -0.16101930517373250     
  0.37725847637220777     
  0.23728413351188793     
  0.73333743193279399     
  0.16770384153246445     
 -0.14385849811367585     
  -9.5224592810334546E-002
   8.1595280755095895E-002
   4.7996596819230117E-002
   3.3908789129167604E-003
 -0.15169903393832665     
 -0.27808474715434051     
  -8.3839195146648463E-002
  -6.1637582230397317E-003
   7.8860524551649103E-002
  -8.5783046123234841E-002
  -3.5644023966812551E-002
   3.5302240810899763E-002
   3.8621790403611612E-002
 -0.11737900745234782     
  -3.6260360233527439E-002
  -4.2899470676488513E-002
   4.0236934471903116E-002
   1.3725030535297913E-002
  -1.7729779908603884E-002
   8.2851143636943805E-002
  -3.0649530282487448E-002
   5.2658968128621343E-002
  -1.8196069543377463E-002
  -4.0139215208150052E-002
  -9.2219774995492221E-002
 -0.16005009799042211     
   3.9128064987238087E-002
  0.42660080776168424     
 -0.37241008218967830     
  0.60122402859956370     
  0.11898691679972351     
 -0.13673790419006518     
 -0.14755729036961104     
  -6.2242405274679641E-002
  -6.2573066215079701E-002
  0.19428957746616010     
   1.6021981407777143E-002
  0.33343763931155151     
 -0.10925968976406250     
   9.7270645482219281E-002
  -1.7275226379974938E-002
  -1.2881131173302387E-002
  -9.7333832459505359E-003
  -1.1322818160454098E-002
  -3.1631524398260863E-002
   3.8862437268424282E-002
  -2.1408497154315306E-002
   4.0071803238266722E-002
  -3.6593543485454384E-002
   2.2164241757129759E-002
   1.8733162650646510E-002
  -3.5815602638342797E-002
   4.0034961251588459E-002
  -6.6938226027508568E-002
  -4.3954110057058154E-002
   2.6723133064851821E-002
   8.3971268232151217E-002
  0.14301185790958343     
 -0.27751100836145376     
 -0.33828243982762524     
  0.17931872353521477     
  0.42974821528048640     
   3.5916699311724400E-002
 -0.28505639440787900     
 -0.28387915806412573     
 -0.46718734659002986     
  0.12493264131666544     
  -8.8600665357646633E-003
  0.29874976424007121     
  -2.9891094589413206E-002
 -0.18363220653655993     
  0.13240826975805908     
  -9.0948441345528111E-002
   2.8236081787709078E-002
   9.1096626462578104E-003
  -2.7887475501116778E-002
   9.4083252684099231E-003
  -3.4973241748842240E-002
  -4.4442549228712769E-002
   1.7296759792806395E-002
  -8.2258963422079778E-002
  -3.3110660993308880E-002
  -4.3590743387479355E-002
   7.0456663716880388E-003
   1.0928808932848576E-002
   1.1426277305549801E-002
  -1.7729751475556058E-002
  -3.8112798962873777E-002
  -6.4057401640324552E-003
  -4.0238015837992011E-002
  -4.4976779642957682E-002
   3.3358059071864905E-002
  0.11434206840606197     
  0.22631226294063087     
  0.10707034582023892     
  0.10460998201254776     
 -0.12343865632848072     
  -5.6643552760754758E-002
  -6.1265516467799708E-002
 -0.73705232844205615     
 -0.28544012924217921     
 -0.31311697918573012     
   1.3662782598458201E-002
 -0.38207454936021762     
   1.7259047697758968E-002
  -1.7378723166217296E-003
  -3.8759569581610785E-003
  -6.4098775029403116E-002
   1.9280849930203854E-002
  -1.5130222914857456E-003
   4.2871333525711285E-002
  -1.7767444485668592E-003
  -7.9530142751765190E-002
   3.7789007062449601E-002
  -3.7114392315403574E-002
   1.4570575050168399E-002
  -1.4601352576711815E-002
  0.11633339649987068     
 -0.16234103059653601     
   9.9819599047147073E-002
  -8.3013738762084482E-002
  -2.7970574435701400E-002
  -8.3380781835129550E-002
   3.1926892412756008E-002
  0.21739046465147163     
  -8.0191396150775682E-002
 -0.26085025174438042     
  0.11191471746369606     
  0.21015568825503511     
  -2.0542844809546986E-002
 -0.33252836241845085     
  -5.9243326702332538E-002
 -0.30939318348231909     
  0.50217456925536408     
 -0.12961428730154337     
  -6.2439235279790634E-003
  0.33027774296424983     
  0.38968250678558003     
  -5.7951944595379128E-004
   2.5812795643602802E-002
  -1.2501673771628388E-002
  -3.7040711455230801E-002
   7.7108866368900530E-003
   1.9831518667614362E-002
  -3.9822649119827337E-002
  -1.0967343959117866E-002
 -0.10616639483263056     
  -4.6842158420541583E-002
  -6.8753508251819570E-002
  -3.4073799404203318E-002
   6.4758067531046168E-002
  -9.4644515993777587E-002
   5.1368774781787946E-002
  -4.4067922436868225E-002
  -1.4910917670897356E-002
  -6.7150413073090998E-002
  -3.4553065621892184E-002
  0.18726679803842039     
  0.11425023453303766     
  0.13546188945350854     
  -2.8956610146814339E-002
  0.24814407038303035     
  0.16062820329820920     
 -0.24028099520853718     
 -0.12214660432318995     
  0.55023363029403571     
  -9.3152463043827433E-002
 -0.49117143209308384     
   7.8115991378988154E-003
 -0.33044004118678305     
  0.25148795996040707     
   1.0580167017613605E-002
 -0.18642960828148150     
 -0.21027015014634057     
  -3.3696100181901119E-002
 -0.23655526038865177     
  0.10529101676457341     
  0.25705257214121335     
 -0.24977665557882420     
  0.47829761810701699     
   2.8266346223759890E-002
  0.25115166486631091     
   5.7863433104353622E-002
   5.9198916531270816E-002
 -0.23250469183500935     
   9.9315324693429435E-002
  -1.8356508044052516E-002
  -1.6690693604431563E-002
   4.1035496671886385E-002
   1.6717396457108357E-002
 -0.15905105005461551     
  0.16083312406423741     
   3.5198037253454537E-002
   7.5739473712863659E-002
  -1.0260969400131390E-002
   2.3004522288378928E-003
  -1.2788636887598940E-002
   4.5804093322933705E-002
   1.1652292962143240E-002
   2.2023339843926511E-002
  -5.8749015023639911E-002
  0.40605165660191184     
 -0.13402322669638941     
  -7.8415149605068360E-002
  0.32375038006396689     
   4.3882993808169082E-002
  0.15504591136833321     
   5.0949319360739626E-002
   6.3778860029460968E-002
  -2.5683705620502964E-003
  -5.1404799400967122E-002
   1.5481299899865511E-002
  -4.4211574464548941E-003
   5.7116450017428815E-004
  -8.6064434029738776E-002
   4.6835780300506717E-002
 -0.20450542278241643     
  0.37831883654374299     
 -0.23887546811218388     
  0.12465363727447039     
   1.3077259641708019E-002
 -0.22398106955341632     
  -3.2539005512690566E-002
  0.27953453155330099     
  -9.0959624459274413E-002
   1.0802864728998884E-002
   9.8747320489020685E-002
  -2.3910574634225346E-002
   1.9560017294940637E-002
   6.5005723453116823E-002
   3.5373714684122134E-002
   9.4987393220857860E-003
  -9.8330581081056287E-002
  0.15128279812975767     
  0.50685529853168443     
   2.1074100823791082E-002
  0.34877497981730760     
  0.36272433506215113     
  0.12872187560201021     
   9.6946425233660413E-003
  -1.8936018990372849E-002
  0.14666283364931432     
  -8.8262342500782257E-002
 -0.20209489653139148     
  0.22484569228897852     
 -0.42028543678878327     
  -5.7675033732526762E-002
 -0.11010476128412482     
 -0.10079979613348092     
  0.16141637083614521     
 -0.18754124601451622     
  0.14783697611573571     
 -0.19875957193608829     
  -1.9322360138808951E-003
  0.19701580330814086     
   4.0189345605317811E-002
 -0.19207917145043168     
  -5.8530682870299965E-002
  -1.6283347603945158E-002
   9.1362472423062308E-002
  -1.8147542089893845E-002
  -1.7521061236244011E-002
  -5.0018862864582299E-002
  -6.1454242774941999E-002
   1.6606969448890202E-002
  0.11350750860186606     
  -9.3779086091555761E-002
  0.44644085714868226     
  0.10940398481030354     
 -0.30768694436420407     
  0.33653570244693637     
  -1.5333623383713472E-002
  -4.8684015780744411E-002
   1.5952761284556381E-002
  -3.7392102945744145E-003
   1.7913592525850945E-002
  -2.9085491169091060E-003
  -3.3529241053263964E-002
   7.1358469888512261E-003
  -1.0627395835057113E-002
   4.4776254190493338E-002
  -1.7780284447377667E-002
   2.1513993477797852E-002
  -5.1266740076559775E-004
   4.0795827781135059E-002
  -6.1408606485504759E-002
  -4.2674427622671603E-002
  -9.5501027571521985E-002
   3.3831151830563871E-002
  0.26550517981809074     
 -0.36909943842362158     
  0.18789968863710763     
   5.0080812962941916E-002
  -8.4201679306359092E-002
   2.1891716707327469E-002
 -0.39566541958820073     
  0.41206339619428572     
   9.8521375844974838E-003
  -3.5959898617124196E-002
   9.7874689422566635E-002
 -0.34882791492747944     
  -9.8569550212384671E-002
 -0.25405435029276130     
  0.43570039330297117     
  -1.4103152264266788E-002
  -5.5598014246750916E-003
   1.5906362218419522E-002
   8.8286884608592808E-003
  -1.5003506895343209E-002
   9.0432575558099491E-003
   1.3915211270657318E-002
   1.6734460951608431E-002
   2.8696112356429569E-002
   1.3198847558964728E-002
  -3.1101751401212109E-002
   9.3874755790063266E-003
   5.5064071956017679E-003
   6.1880861017456455E-002
   1.1081609660656079E-002
  -1.2751446745411985E-002
  0.11577448362881311     
   5.3277652584284324E-002
 -0.11228380598047562     
 -0.40946031279307504     
  0.16104281651122992     
  -6.9322640227003088E-002
  0.15718601908473565     
   6.9599145994144124E-004
  -5.0781819872301424E-002
  0.54942569234192751     
  -2.5262426109186456E-004
   5.0279769659174071E-002
  -3.7123466285240179E-002
  0.38839491879857579     
 -0.11155956693801886     
   9.1892662635539538E-002
 -0.51030435466894908     
  -1.1894738782275843E-002
  -4.2347683517704064E-002
  -1.3407593453672638E-002
  -1.8587114661594455E-002
   2.1103048868702009E-002
   1.5617727361507390E-002
  -7.6372249216497948E-002
  -1.5926718848220462E-002
  -1.7714616409473298E-002
   1.4256348608568527E-002
   1.9554754037203831E-002
   2.6087795322011113E-002
  -4.9565049122419998E-002
   1.8497412810728073E-002
   2.2580623623146709E-002
  -2.2062628407978870E-002
 -0.22252839076266212     
  -4.3252542322585109E-002
  0.44796010942605807     
  0.11455288722459651     
  -1.5277252344373923E-002
 -0.11975918770849740     
 -0.21598439275377976     
  -5.9952943481327639E-002
 -0.37969052029786610     
 -0.24553889637821558     
   2.8840525641394190E-003
  -8.0842601929462257E-002
  0.15467180545769407     
  0.32168334994664083     
   2.9608910100222378E-002
 -0.41105941475548008     
 -0.38358973528788770     
