   3.6522324086581430        0.0000000000000000     
   3.6522324086581430        369.99981512494435     
   3.6522324086581430        369.99981512494435     
   3.6522324086581430        0.0000000000000000     
   3.6772324086581429        0.0000000000000000     
   3.6772324086581429        96.115715491973063     
   3.6772324086581429        96.115715491973063     
   3.6772324086581429        0.0000000000000000     
   3.7022324086581428        0.0000000000000000     
   3.7022324086581428        166.07482394533579     
   3.7022324086581428        166.07482394533579     
   3.7022324086581428        0.0000000000000000     
   3.7272324086581432        0.0000000000000000     
   3.7272324086581432        91.849333089568077     
   3.7272324086581432        91.849333089568077     
   3.7272324086581432        0.0000000000000000     
   3.7522324086581431        0.0000000000000000     
   3.7522324086581431        384.65506504104280     
   3.7522324086581431        384.65506504104280     
   3.7522324086581431        0.0000000000000000     
   3.7772324086581430        0.0000000000000000     
   3.7772324086581430        0.0000000000000000     
   3.7772324086581430        0.0000000000000000     
   3.7772324086581430        0.0000000000000000     
   3.8022324086581429        0.0000000000000000     
   3.8022324086581429        109.80114490823931     
   3.8022324086581429        109.80114490823931     
   3.8022324086581429        0.0000000000000000     
   3.8272324086581428        0.0000000000000000     
   3.8272324086581428        76.435813143848861     
   3.8272324086581428        76.435813143848861     
   3.8272324086581428        0.0000000000000000     
   3.8522324086581432        0.0000000000000000     
   3.8522324086581432        79.631358619181739     
   3.8522324086581432        79.631358619181739     
   3.8522324086581432        0.0000000000000000     
   3.8772324086581431        0.0000000000000000     
   3.8772324086581431        163.94563207830453     
   3.8772324086581431        163.94563207830453     
   3.8772324086581431        0.0000000000000000     
   3.9022324086581430        0.0000000000000000     
   3.9022324086581430        288.72823064172007     
   3.9022324086581430        288.72823064172007     
   3.9022324086581430        0.0000000000000000     
   3.9272324086581429        0.0000000000000000     
   3.9272324086581429        166.70026969623615     
   3.9272324086581429        166.70026969623615     
   3.9272324086581429        0.0000000000000000     
   3.9522324086581433        0.0000000000000000     
   3.9522324086581433        253.78382328858953     
   3.9522324086581433        253.78382328858953     
   3.9522324086581433        0.0000000000000000     
   3.9772324086581432        0.0000000000000000     
   3.9772324086581432        192.88591533982947     
   3.9772324086581432        192.88591533982947     
   3.9772324086581432        0.0000000000000000     
   4.0022324086581431        0.0000000000000000     
   4.0022324086581431        74.117153813218550     
   4.0022324086581431        74.117153813218550     
   4.0022324086581431        0.0000000000000000     
   4.0272324086581435        0.0000000000000000     
   4.0272324086581435        193.72720673361624     
   4.0272324086581435        193.72720673361624     
   4.0272324086581435        0.0000000000000000     
   4.0522324086581429        0.0000000000000000     
   4.0522324086581429        289.80056704201911     
   4.0522324086581429        289.80056704201911     
   4.0522324086581429        0.0000000000000000     
   4.0772324086581433        0.0000000000000000     
   4.0772324086581433        439.14623217748209     
   4.0772324086581433        439.14623217748209     
   4.0772324086581433        0.0000000000000000     
   4.1022324086581428        0.0000000000000000     
   4.1022324086581428        273.80198581645288     
   4.1022324086581428        273.80198581645288     
   4.1022324086581428        0.0000000000000000     
   4.1272324086581431        0.0000000000000000     
   4.1272324086581431        0.0000000000000000     
   4.1272324086581431        0.0000000000000000     
   4.1272324086581431        0.0000000000000000     
   4.1522324086581435        0.0000000000000000     
   4.1522324086581435        91.889302154714912     
   4.1522324086581435        91.889302154714912     
   4.1522324086581435        0.0000000000000000     
   4.1772324086581429        0.0000000000000000     
   4.1772324086581429        99.819541427505541     
   4.1772324086581429        99.819541427505541     
   4.1772324086581429        0.0000000000000000     
   4.2022324086581433        0.0000000000000000     
   4.2022324086581433        0.0000000000000000     
   4.2022324086581433        0.0000000000000000     
   4.2022324086581433        0.0000000000000000     
   4.2272324086581428        0.0000000000000000     
   4.2272324086581428        94.602874228506323     
   4.2272324086581428        94.602874228506323     
   4.2272324086581428        0.0000000000000000     
   4.2522324086581431        0.0000000000000000     
   4.2522324086581431        258.31946620744776     
   4.2522324086581431        258.31946620744776     
   4.2522324086581431        0.0000000000000000     
   4.2772324086581435        0.0000000000000000     
   4.2772324086581435        74.342744817602465     
   4.2772324086581435        74.342744817602465     
   4.2772324086581435        0.0000000000000000     
   4.3022324086581429        0.0000000000000000     
   4.3022324086581429        175.39851383876839     
   4.3022324086581429        175.39851383876839     
   4.3022324086581429        0.0000000000000000     
   4.3272324086581433        0.0000000000000000     
   4.3272324086581433        623.18954306365936     
   4.3272324086581433        623.18954306365936     
   4.3272324086581433        0.0000000000000000     
   4.3522324086581428        0.0000000000000000     
   4.3522324086581428        183.41037632038774     
   4.3522324086581428        183.41037632038774     
   4.3522324086581428        0.0000000000000000     
   4.3772324086581431        0.0000000000000000     
   4.3772324086581431        94.906020357842166     
   4.3772324086581431        94.906020357842166     
   4.3772324086581431        0.0000000000000000     
   4.4022324086581435        0.0000000000000000     
   4.4022324086581435        260.98485577512940     
   4.4022324086581435        260.98485577512940     
   4.4022324086581435        0.0000000000000000     
   4.4272324086581429        0.0000000000000000     
   4.4272324086581429        279.74625301951528     
   4.4272324086581429        279.74625301951528     
   4.4272324086581429        0.0000000000000000     
   4.4522324086581433        0.0000000000000000     
   4.4522324086581433        253.41519661912230     
   4.4522324086581433        253.41519661912230     
   4.4522324086581433        0.0000000000000000     
   4.4772324086581428        0.0000000000000000     
   4.4772324086581428        96.964467805828832     
   4.4772324086581428        96.964467805828832     
   4.4772324086581428        0.0000000000000000     
   4.5022324086581431        0.0000000000000000     
   4.5022324086581431        94.017004472533785     
   4.5022324086581431        94.017004472533785     
   4.5022324086581431        0.0000000000000000     
   4.5272324086581435        0.0000000000000000     
   4.5272324086581435        191.19012219421015     
   4.5272324086581435        191.19012219421015     
   4.5272324086581435        0.0000000000000000     
   4.5522324086581429        0.0000000000000000     
   4.5522324086581429        316.87680705411253     
   4.5522324086581429        316.87680705411253     
   4.5522324086581429        0.0000000000000000     
   4.5772324086581433        0.0000000000000000     
   4.5772324086581433        153.32584343957808     
   4.5772324086581433        153.32584343957808     
   4.5772324086581433        0.0000000000000000     
   4.6022324086581428        0.0000000000000000     
   4.6022324086581428        176.15212328937864     
   4.6022324086581428        176.15212328937864     
   4.6022324086581428        0.0000000000000000     
   4.6272324086581431        0.0000000000000000     
   4.6272324086581431        171.04786748445335     
   4.6272324086581431        171.04786748445335     
   4.6272324086581431        0.0000000000000000     
   4.6522324086581435        0.0000000000000000     
   4.6522324086581435        186.60332766719574     
   4.6522324086581435        186.60332766719574     
   4.6522324086581435        0.0000000000000000     
   4.6772324086581429        0.0000000000000000     
   4.6772324086581429        164.45113534206854     
   4.6772324086581429        164.45113534206854     
   4.6772324086581429        0.0000000000000000     
   4.7022324086581433        0.0000000000000000     
   4.7022324086581433        348.17585509803973     
   4.7022324086581433        348.17585509803973     
   4.7022324086581433        0.0000000000000000     
   4.7272324086581428        0.0000000000000000     
   4.7272324086581428        76.580515075565089     
   4.7272324086581428        76.580515075565089     
   4.7272324086581428        0.0000000000000000     
   4.7522324086581431        0.0000000000000000     
   4.7522324086581431        176.35575821752045     
   4.7522324086581431        176.35575821752045     
   4.7522324086581431        0.0000000000000000     
   4.7772324086581435        0.0000000000000000     
   4.7772324086581435        239.76569725096221     
   4.7772324086581435        239.76569725096221     
   4.7772324086581435        0.0000000000000000     
   4.8022324086581429        0.0000000000000000     
   4.8022324086581429        157.05773836377892     
   4.8022324086581429        157.05773836377892     
   4.8022324086581429        0.0000000000000000     
   4.8272324086581433        0.0000000000000000     
   4.8272324086581433        162.42788513417941     
   4.8272324086581433        162.42788513417941     
   4.8272324086581433        0.0000000000000000     
   4.8522324086581428        0.0000000000000000     
   4.8522324086581428        66.349788188472090     
   4.8522324086581428        66.349788188472090     
   4.8522324086581428        0.0000000000000000     
   4.8772324086581431        0.0000000000000000     
   4.8772324086581431        177.39918350520628     
   4.8772324086581431        177.39918350520628     
   4.8772324086581431        0.0000000000000000     
   4.9022324086581435        0.0000000000000000     
   4.9022324086581435        0.0000000000000000     
   4.9022324086581435        0.0000000000000000     
   4.9022324086581435        0.0000000000000000     
   4.9272324086581429        0.0000000000000000     
   4.9272324086581429        112.22252389345243     
   4.9272324086581429        112.22252389345243     
   4.9272324086581429        0.0000000000000000     
   4.9522324086581433        0.0000000000000000     
   4.9522324086581433        0.0000000000000000     
   4.9522324086581433        0.0000000000000000     
   4.9522324086581433        0.0000000000000000     
   4.9772324086581428        0.0000000000000000     
   4.9772324086581428        0.0000000000000000     
   4.9772324086581428        0.0000000000000000     
   4.9772324086581428        0.0000000000000000     
   5.0022324086581431        0.0000000000000000     
   5.0022324086581431        78.534821956625564     
   5.0022324086581431        78.534821956625564     
   5.0022324086581431        0.0000000000000000     
   5.0272324086581435        0.0000000000000000     
   5.0272324086581435        186.52789565953429     
   5.0272324086581435        186.52789565953429     
   5.0272324086581435        0.0000000000000000     
   5.0522324086581429        0.0000000000000000     
   5.0522324086581429        158.24032684553794     
   5.0522324086581429        158.24032684553794     
   5.0522324086581429        0.0000000000000000     
   5.0772324086581433        0.0000000000000000     
   5.0772324086581433        152.23761174836397     
   5.0772324086581433        152.23761174836397     
   5.0772324086581433        0.0000000000000000     
   5.1022324086581428        0.0000000000000000     
   5.1022324086581428        132.34671294485668     
   5.1022324086581428        132.34671294485668     
   5.1022324086581428        0.0000000000000000     
   5.1272324086581431        0.0000000000000000     
   5.1272324086581431        176.98221713127691     
   5.1272324086581431        176.98221713127691     
   5.1272324086581431        0.0000000000000000     
   5.1522324086581435        0.0000000000000000     
   5.1522324086581435        331.99963862450483     
   5.1522324086581435        331.99963862450483     
   5.1522324086581435        0.0000000000000000     
   5.1772324086581429        0.0000000000000000     
   5.1772324086581429        0.0000000000000000     
   5.1772324086581429        0.0000000000000000     
   5.1772324086581429        0.0000000000000000     
   5.2022324086581433        0.0000000000000000     
   5.2022324086581433        175.18366212875321     
   5.2022324086581433        175.18366212875321     
   5.2022324086581433        0.0000000000000000     
   5.2272324086581428        0.0000000000000000     
   5.2272324086581428        163.31593830068906     
   5.2272324086581428        163.31593830068906     
   5.2272324086581428        0.0000000000000000     
   5.2522324086581431        0.0000000000000000     
   5.2522324086581431        277.84157933637277     
   5.2522324086581431        277.84157933637277     
   5.2522324086581431        0.0000000000000000     
   5.2772324086581435        0.0000000000000000     
   5.2772324086581435        344.61202722492271     
   5.2772324086581435        344.61202722492271     
   5.2772324086581435        0.0000000000000000     
   5.3022324086581429        0.0000000000000000     
   5.3022324086581429        0.0000000000000000     
   5.3022324086581429        0.0000000000000000     
   5.3022324086581429        0.0000000000000000     
   5.3272324086581433        0.0000000000000000     
   5.3272324086581433        256.37705553404390     
   5.3272324086581433        256.37705553404390     
   5.3272324086581433        0.0000000000000000     
   5.3522324086581428        0.0000000000000000     
   5.3522324086581428        251.88033754511659     
   5.3522324086581428        251.88033754511659     
   5.3522324086581428        0.0000000000000000     
   5.3772324086581431        0.0000000000000000     
   5.3772324086581431        244.25996252949955     
   5.3772324086581431        244.25996252949955     
   5.3772324086581431        0.0000000000000000     
   5.4022324086581435        0.0000000000000000     
   5.4022324086581435        153.67082299973998     
   5.4022324086581435        153.67082299973998     
   5.4022324086581435        0.0000000000000000     
   5.4272324086581429        0.0000000000000000     
   5.4272324086581429        90.193010905301833     
   5.4272324086581429        90.193010905301833     
   5.4272324086581429        0.0000000000000000     
   5.4522324086581433        0.0000000000000000     
   5.4522324086581433        158.08191038197856     
   5.4522324086581433        158.08191038197856     
   5.4522324086581433        0.0000000000000000     
   5.4772324086581428        0.0000000000000000     
   5.4772324086581428        228.68602296576759     
   5.4772324086581428        228.68602296576759     
   5.4772324086581428        0.0000000000000000     
   5.5022324086581431        0.0000000000000000     
   5.5022324086581431        0.0000000000000000     
   5.5022324086581431        0.0000000000000000     
   5.5022324086581431        0.0000000000000000     
   5.5272324086581435        0.0000000000000000     
   5.5272324086581435        85.427652028315435     
   5.5272324086581435        85.427652028315435     
   5.5272324086581435        0.0000000000000000     
   5.5522324086581429        0.0000000000000000     
   5.5522324086581429        0.0000000000000000     
   5.5522324086581429        0.0000000000000000     
   5.5522324086581429        0.0000000000000000     
   5.5772324086581433        0.0000000000000000     
   5.5772324086581433        71.333860226923889     
   5.5772324086581433        71.333860226923889     
   5.5772324086581433        0.0000000000000000     
   5.6022324086581428        0.0000000000000000     
   5.6022324086581428        150.52814649700554     
   5.6022324086581428        150.52814649700554     
   5.6022324086581428        0.0000000000000000     
   5.6272324086581431        0.0000000000000000     
   5.6272324086581431        174.51345346728408     
   5.6272324086581431        174.51345346728408     
   5.6272324086581431        0.0000000000000000     
   5.6522324086581435        0.0000000000000000     
   5.6522324086581435        164.87319059828059     
   5.6522324086581435        164.87319059828059     
   5.6522324086581435        0.0000000000000000     
   5.6772324086581429        0.0000000000000000     
   5.6772324086581429        170.51109802763014     
   5.6772324086581429        170.51109802763014     
   5.6772324086581429        0.0000000000000000     
   5.7022324086581433        0.0000000000000000     
   5.7022324086581433        248.58766191447870     
   5.7022324086581433        248.58766191447870     
   5.7022324086581433        0.0000000000000000     
   5.7272324086581428        0.0000000000000000     
   5.7272324086581428        0.0000000000000000     
   5.7272324086581428        0.0000000000000000     
   5.7272324086581428        0.0000000000000000     
   5.7522324086581431        0.0000000000000000     
   5.7522324086581431        0.0000000000000000     
   5.7522324086581431        0.0000000000000000     
   5.7522324086581431        0.0000000000000000     
   5.7772324086581435        0.0000000000000000     
   5.7772324086581435        76.090594153492646     
   5.7772324086581435        76.090594153492646     
   5.7772324086581435        0.0000000000000000     
   5.8022324086581429        0.0000000000000000     
   5.8022324086581429        170.76271464259906     
   5.8022324086581429        170.76271464259906     
   5.8022324086581429        0.0000000000000000     
   5.8272324086581433        0.0000000000000000     
   5.8272324086581433        165.75817059398841     
   5.8272324086581433        165.75817059398841     
   5.8272324086581433        0.0000000000000000     
   5.8522324086581428        0.0000000000000000     
   5.8522324086581428        73.747593256297293     
   5.8522324086581428        73.747593256297293     
   5.8522324086581428        0.0000000000000000     
   5.8772324086581431        0.0000000000000000     
   5.8772324086581431        240.35234838146323     
   5.8772324086581431        240.35234838146323     
   5.8772324086581431        0.0000000000000000     
   5.9022324086581435        0.0000000000000000     
   5.9022324086581435        0.0000000000000000     
   5.9022324086581435        0.0000000000000000     
   5.9022324086581435        0.0000000000000000     
   5.9272324086581429        0.0000000000000000     
   5.9272324086581429        231.43114744587953     
   5.9272324086581429        231.43114744587953     
   5.9272324086581429        0.0000000000000000     
   5.9522324086581433        0.0000000000000000     
   5.9522324086581433        143.40444955145708     
   5.9522324086581433        143.40444955145708     
   5.9522324086581433        0.0000000000000000     
   5.9772324086581428        0.0000000000000000     
   5.9772324086581428        0.0000000000000000     
   5.9772324086581428        0.0000000000000000     
   5.9772324086581428        0.0000000000000000     
   6.0022324086581431        0.0000000000000000     
   6.0022324086581431        152.29297809047353     
   6.0022324086581431        152.29297809047353     
   6.0022324086581431        0.0000000000000000     
   6.0272324086581435        0.0000000000000000     
   6.0272324086581435        0.0000000000000000     
   6.0272324086581435        0.0000000000000000     
   6.0272324086581435        0.0000000000000000     
   6.0522324086581438        0.0000000000000000     
   6.0522324086581438        0.0000000000000000     
   6.0522324086581438        0.0000000000000000     
   6.0522324086581438        0.0000000000000000     
   6.0772324086581433        0.0000000000000000     
   6.0772324086581433        0.0000000000000000     
   6.0772324086581433        0.0000000000000000     
   6.0772324086581433        0.0000000000000000     
   6.1022324086581428        0.0000000000000000     
   6.1022324086581428        153.87343192774634     
   6.1022324086581428        153.87343192774634     
   6.1022324086581428        0.0000000000000000     
   6.1272324086581431        0.0000000000000000     
   6.1272324086581431        86.518739561416766     
   6.1272324086581431        86.518739561416766     
   6.1272324086581431        0.0000000000000000     
   6.1522324086581435        0.0000000000000000     
   6.1522324086581435        144.33605629653329     
   6.1522324086581435        144.33605629653329     
   6.1522324086581435        0.0000000000000000     
   6.1772324086581438        0.0000000000000000     
   6.1772324086581438        235.86078425520299     
   6.1772324086581438        235.86078425520299     
   6.1772324086581438        0.0000000000000000     
   6.2022324086581433        0.0000000000000000     
   6.2022324086581433        0.0000000000000000     
   6.2022324086581433        0.0000000000000000     
   6.2022324086581433        0.0000000000000000     
   6.2272324086581428        0.0000000000000000     
   6.2272324086581428        72.250027390806920     
   6.2272324086581428        72.250027390806920     
   6.2272324086581428        0.0000000000000000     
   6.2522324086581431        0.0000000000000000     
   6.2522324086581431        0.0000000000000000     
   6.2522324086581431        0.0000000000000000     
   6.2522324086581431        0.0000000000000000     
   6.2772324086581435        0.0000000000000000     
   6.2772324086581435        81.339512020300432     
   6.2772324086581435        81.339512020300432     
   6.2772324086581435        0.0000000000000000     
   6.3022324086581438        0.0000000000000000     
   6.3022324086581438        245.06020424370536     
   6.3022324086581438        245.06020424370536     
   6.3022324086581438        0.0000000000000000     
   6.3272324086581433        0.0000000000000000     
   6.3272324086581433        144.24767029288026     
   6.3272324086581433        144.24767029288026     
   6.3272324086581433        0.0000000000000000     
   6.3522324086581428        0.0000000000000000     
   6.3522324086581428        65.220233145594705     
   6.3522324086581428        65.220233145594705     
   6.3522324086581428        0.0000000000000000     
   6.3772324086581431        0.0000000000000000     
   6.3772324086581431        0.0000000000000000     
   6.3772324086581431        0.0000000000000000     
   6.3772324086581431        0.0000000000000000     
   6.4022324086581435        0.0000000000000000     
   6.4022324086581435        67.600395528450562     
   6.4022324086581435        67.600395528450562     
   6.4022324086581435        0.0000000000000000     
   6.4272324086581438        0.0000000000000000     
   6.4272324086581438        0.0000000000000000     
   6.4272324086581438        0.0000000000000000     
   6.4272324086581438        0.0000000000000000     
   6.4522324086581433        0.0000000000000000     
   6.4522324086581433        74.229817025406092     
   6.4522324086581433        74.229817025406092     
   6.4522324086581433        0.0000000000000000     
   6.4772324086581428        0.0000000000000000     
   6.4772324086581428        180.97128483625320     
   6.4772324086581428        180.97128483625320     
   6.4772324086581428        0.0000000000000000     
   6.5022324086581431        0.0000000000000000     
   6.5022324086581431        0.0000000000000000     
   6.5022324086581431        0.0000000000000000     
   6.5022324086581431        0.0000000000000000     
   6.5272324086581435        0.0000000000000000     
   6.5272324086581435        219.82076471690374     
   6.5272324086581435        219.82076471690374     
   6.5272324086581435        0.0000000000000000     
   6.5522324086581438        0.0000000000000000     
   6.5522324086581438        328.32733767061359     
   6.5522324086581438        328.32733767061359     
   6.5522324086581438        0.0000000000000000     
   6.5772324086581433        0.0000000000000000     
   6.5772324086581433        74.132818881004752     
   6.5772324086581433        74.132818881004752     
   6.5772324086581433        0.0000000000000000     
   6.6022324086581428        0.0000000000000000     
   6.6022324086581428        0.0000000000000000     
   6.6022324086581428        0.0000000000000000     
   6.6022324086581428        0.0000000000000000     
   6.6272324086581431        0.0000000000000000     
   6.6272324086581431        0.0000000000000000     
   6.6272324086581431        0.0000000000000000     
   6.6272324086581431        0.0000000000000000     
   6.6522324086581435        0.0000000000000000     
   6.6522324086581435        156.82110766614917     
   6.6522324086581435        156.82110766614917     
   6.6522324086581435        0.0000000000000000     
   6.6772324086581438        0.0000000000000000     
   6.6772324086581438        532.13687314119568     
   6.6772324086581438        532.13687314119568     
   6.6772324086581438        0.0000000000000000     
   6.7022324086581433        0.0000000000000000     
   6.7022324086581433        221.02158920199599     
   6.7022324086581433        221.02158920199599     
   6.7022324086581433        0.0000000000000000     
   6.7272324086581428        0.0000000000000000     
   6.7272324086581428        300.92607029160069     
   6.7272324086581428        300.92607029160069     
   6.7272324086581428        0.0000000000000000     
   6.7522324086581431        0.0000000000000000     
   6.7522324086581431        0.0000000000000000     
   6.7522324086581431        0.0000000000000000     
   6.7522324086581431        0.0000000000000000     
   6.7772324086581435        0.0000000000000000     
   6.7772324086581435        403.46098272779790     
   6.7772324086581435        403.46098272779790     
   6.7772324086581435        0.0000000000000000     
   6.8022324086581438        0.0000000000000000     
   6.8022324086581438        0.0000000000000000     
   6.8022324086581438        0.0000000000000000     
   6.8022324086581438        0.0000000000000000     
   6.8272324086581433        0.0000000000000000     
   6.8272324086581433        161.10009692965440     
   6.8272324086581433        161.10009692965440     
   6.8272324086581433        0.0000000000000000     
   6.8522324086581428        0.0000000000000000     
   6.8522324086581428        0.0000000000000000     
   6.8522324086581428        0.0000000000000000     
   6.8522324086581428        0.0000000000000000     
   6.8772324086581431        0.0000000000000000     
   6.8772324086581431        80.111358397140478     
   6.8772324086581431        80.111358397140478     
   6.8772324086581431        0.0000000000000000     
   6.9022324086581435        0.0000000000000000     
   6.9022324086581435        135.26154756987597     
   6.9022324086581435        135.26154756987597     
   6.9022324086581435        0.0000000000000000     
   6.9272324086581438        0.0000000000000000     
   6.9272324086581438        70.200208119142161     
   6.9272324086581438        70.200208119142161     
   6.9272324086581438        0.0000000000000000     
   6.9522324086581433        0.0000000000000000     
   6.9522324086581433        322.95409917827953     
   6.9522324086581433        322.95409917827953     
   6.9522324086581433        0.0000000000000000     
   6.9772324086581428        0.0000000000000000     
   6.9772324086581428        225.30596519142793     
   6.9772324086581428        225.30596519142793     
   6.9772324086581428        0.0000000000000000     
   7.0022324086581431        0.0000000000000000     
   7.0022324086581431        58.915849912369119     
   7.0022324086581431        58.915849912369119     
   7.0022324086581431        0.0000000000000000     
   7.0272324086581435        0.0000000000000000     
   7.0272324086581435        143.87073581061460     
   7.0272324086581435        143.87073581061460     
   7.0272324086581435        0.0000000000000000     
   7.0522324086581438        0.0000000000000000     
   7.0522324086581438        76.883835830714261     
   7.0522324086581438        76.883835830714261     
   7.0522324086581438        0.0000000000000000     
   7.0772324086581433        0.0000000000000000     
   7.0772324086581433        0.0000000000000000     
   7.0772324086581433        0.0000000000000000     
   7.0772324086581433        0.0000000000000000     
   7.1022324086581428        0.0000000000000000     
   7.1022324086581428        0.0000000000000000     
   7.1022324086581428        0.0000000000000000     
   7.1022324086581428        0.0000000000000000     
   7.1272324086581431        0.0000000000000000     
   7.1272324086581431        88.641519128628957     
   7.1272324086581431        88.641519128628957     
   7.1272324086581431        0.0000000000000000     
   7.1522324086581435        0.0000000000000000     
   7.1522324086581435        0.0000000000000000     
   7.1522324086581435        0.0000000000000000     
   7.1522324086581435        0.0000000000000000     
   7.1772324086581438        0.0000000000000000     
   7.1772324086581438        137.84460748439693     
   7.1772324086581438        137.84460748439693     
   7.1772324086581438        0.0000000000000000     
   7.2022324086581433        0.0000000000000000     
   7.2022324086581433        145.78414327913782     
   7.2022324086581433        145.78414327913782     
   7.2022324086581433        0.0000000000000000     
   7.2272324086581428        0.0000000000000000     
   7.2272324086581428        229.92017419900230     
   7.2272324086581428        229.92017419900230     
   7.2272324086581428        0.0000000000000000     
   7.2522324086581431        0.0000000000000000     
   7.2522324086581431        153.49369754507728     
   7.2522324086581431        153.49369754507728     
   7.2522324086581431        0.0000000000000000     
   7.2772324086581435        0.0000000000000000     
   7.2772324086581435        63.413009883123046     
   7.2772324086581435        63.413009883123046     
   7.2772324086581435        0.0000000000000000     
   7.3022324086581438        0.0000000000000000     
   7.3022324086581438        159.07139100298272     
   7.3022324086581438        159.07139100298272     
   7.3022324086581438        0.0000000000000000     
   7.3272324086581433        0.0000000000000000     
   7.3272324086581433        0.0000000000000000     
   7.3272324086581433        0.0000000000000000     
   7.3272324086581433        0.0000000000000000     
   7.3522324086581428        0.0000000000000000     
   7.3522324086581428        0.0000000000000000     
   7.3522324086581428        0.0000000000000000     
   7.3522324086581428        0.0000000000000000     
   7.3772324086581431        0.0000000000000000     
   7.3772324086581431        0.0000000000000000     
   7.3772324086581431        0.0000000000000000     
   7.3772324086581431        0.0000000000000000     
   7.4022324086581435        0.0000000000000000     
   7.4022324086581435        214.22136099573919     
   7.4022324086581435        214.22136099573919     
   7.4022324086581435        0.0000000000000000     
   7.4272324086581438        0.0000000000000000     
   7.4272324086581438        0.0000000000000000     
   7.4272324086581438        0.0000000000000000     
   7.4272324086581438        0.0000000000000000     
   7.4522324086581433        0.0000000000000000     
   7.4522324086581433        364.05131084106790     
   7.4522324086581433        364.05131084106790     
   7.4522324086581433        0.0000000000000000     
   7.4772324086581428        0.0000000000000000     
   7.4772324086581428        0.0000000000000000     
   7.4772324086581428        0.0000000000000000     
   7.4772324086581428        0.0000000000000000     
   7.5022324086581431        0.0000000000000000     
   7.5022324086581431        85.131529809479687     
   7.5022324086581431        85.131529809479687     
   7.5022324086581431        0.0000000000000000     
   7.5272324086581435        0.0000000000000000     
   7.5272324086581435        205.37370226698442     
   7.5272324086581435        205.37370226698442     
   7.5272324086581435        0.0000000000000000     
   7.5522324086581438        0.0000000000000000     
   7.5522324086581438        78.712395171392401     
   7.5522324086581438        78.712395171392401     
   7.5522324086581438        0.0000000000000000     
   7.5772324086581433        0.0000000000000000     
   7.5772324086581433        159.97599945380364     
   7.5772324086581433        159.97599945380364     
   7.5772324086581433        0.0000000000000000     
   7.6022324086581428        0.0000000000000000     
   7.6022324086581428        72.537516576322901     
   7.6022324086581428        72.537516576322901     
   7.6022324086581428        0.0000000000000000     
 TOTAL INTENSITY OF THESE BINS   22369.706786334707     
