   3.6522324086581430        0.0000000000000000     
   3.6522324086581430        388.95690388700723     
   3.6522324086581430        388.95690388700723     
   3.6522324086581430        0.0000000000000000     
   3.6772324086581429        0.0000000000000000     
   3.6772324086581429        181.15272062398589     
   3.6772324086581429        181.15272062398589     
   3.6772324086581429        0.0000000000000000     
   3.7022324086581428        0.0000000000000000     
   3.7022324086581428        301.96014834537277     
   3.7022324086581428        301.96014834537277     
   3.7022324086581428        0.0000000000000000     
   3.7272324086581432        0.0000000000000000     
   3.7272324086581432        89.263715954582082     
   3.7272324086581432        89.263715954582082     
   3.7272324086581432        0.0000000000000000     
   3.7522324086581431        0.0000000000000000     
   3.7522324086581431        103.50506143939339     
   3.7522324086581431        103.50506143939339     
   3.7522324086581431        0.0000000000000000     
   3.7772324086581430        0.0000000000000000     
   3.7772324086581430        384.10914476406373     
   3.7772324086581430        384.10914476406373     
   3.7772324086581430        0.0000000000000000     
   3.8022324086581429        0.0000000000000000     
   3.8022324086581429        368.93727186619492     
   3.8022324086581429        368.93727186619492     
   3.8022324086581429        0.0000000000000000     
   3.8272324086581428        0.0000000000000000     
   3.8272324086581428        94.037372997530923     
   3.8272324086581428        94.037372997530923     
   3.8272324086581428        0.0000000000000000     
   3.8522324086581432        0.0000000000000000     
   3.8522324086581432        182.10573418314343     
   3.8522324086581432        182.10573418314343     
   3.8522324086581432        0.0000000000000000     
   3.8772324086581431        0.0000000000000000     
   3.8772324086581431        367.71792565901285     
   3.8772324086581431        367.71792565901285     
   3.8772324086581431        0.0000000000000000     
   3.9022324086581430        0.0000000000000000     
   3.9022324086581430        386.94987482514330     
   3.9022324086581430        386.94987482514330     
   3.9022324086581430        0.0000000000000000     
   3.9272324086581429        0.0000000000000000     
   3.9272324086581429        190.95696661097958     
   3.9272324086581429        190.95696661097958     
   3.9272324086581429        0.0000000000000000     
   3.9522324086581433        0.0000000000000000     
   3.9522324086581433        193.91837481721012     
   3.9522324086581433        193.91837481721012     
   3.9522324086581433        0.0000000000000000     
   3.9772324086581432        0.0000000000000000     
   3.9772324086581432        745.66858076888366     
   3.9772324086581432        745.66858076888366     
   3.9772324086581432        0.0000000000000000     
   4.0022324086581431        0.0000000000000000     
   4.0022324086581431        208.47391800226862     
   4.0022324086581431        208.47391800226862     
   4.0022324086581431        0.0000000000000000     
   4.0272324086581435        0.0000000000000000     
   4.0272324086581435        278.24080731668624     
   4.0272324086581435        278.24080731668624     
   4.0272324086581435        0.0000000000000000     
   4.0522324086581429        0.0000000000000000     
   4.0522324086581429        94.508728289051916     
   4.0522324086581429        94.508728289051916     
   4.0522324086581429        0.0000000000000000     
   4.0772324086581433        0.0000000000000000     
   4.0772324086581433        380.08157677241991     
   4.0772324086581433        380.08157677241991     
   4.0772324086581433        0.0000000000000000     
   4.1022324086581428        0.0000000000000000     
   4.1022324086581428        0.0000000000000000     
   4.1022324086581428        0.0000000000000000     
   4.1022324086581428        0.0000000000000000     
   4.1272324086581431        0.0000000000000000     
   4.1272324086581431        82.263793164803616     
   4.1272324086581431        82.263793164803616     
   4.1272324086581431        0.0000000000000000     
   4.1522324086581435        0.0000000000000000     
   4.1522324086581435        645.38681044380382     
   4.1522324086581435        645.38681044380382     
   4.1522324086581435        0.0000000000000000     
   4.1772324086581429        0.0000000000000000     
   4.1772324086581429        265.71220266306671     
   4.1772324086581429        265.71220266306671     
   4.1772324086581429        0.0000000000000000     
   4.2022324086581433        0.0000000000000000     
   4.2022324086581433        275.87306079164949     
   4.2022324086581433        275.87306079164949     
   4.2022324086581433        0.0000000000000000     
   4.2272324086581428        0.0000000000000000     
   4.2272324086581428        109.50358907489198     
   4.2272324086581428        109.50358907489198     
   4.2272324086581428        0.0000000000000000     
   4.2522324086581431        0.0000000000000000     
   4.2522324086581431        178.81976845943211     
   4.2522324086581431        178.81976845943211     
   4.2522324086581431        0.0000000000000000     
   4.2772324086581435        0.0000000000000000     
   4.2772324086581435        180.40121528679907     
   4.2772324086581435        180.40121528679907     
   4.2772324086581435        0.0000000000000000     
   4.3022324086581429        0.0000000000000000     
   4.3022324086581429        180.38650122952953     
   4.3022324086581429        180.38650122952953     
   4.3022324086581429        0.0000000000000000     
   4.3272324086581433        0.0000000000000000     
   4.3272324086581433        92.643018498525848     
   4.3272324086581433        92.643018498525848     
   4.3272324086581433        0.0000000000000000     
   4.3522324086581428        0.0000000000000000     
   4.3522324086581428        175.40391545235286     
   4.3522324086581428        175.40391545235286     
   4.3522324086581428        0.0000000000000000     
   4.3772324086581431        0.0000000000000000     
   4.3772324086581431        91.476509992935419     
   4.3772324086581431        91.476509992935419     
   4.3772324086581431        0.0000000000000000     
   4.4022324086581435        0.0000000000000000     
   4.4022324086581435        0.0000000000000000     
   4.4022324086581435        0.0000000000000000     
   4.4022324086581435        0.0000000000000000     
   4.4272324086581429        0.0000000000000000     
   4.4272324086581429        460.83871494304907     
   4.4272324086581429        460.83871494304907     
   4.4272324086581429        0.0000000000000000     
   4.4522324086581433        0.0000000000000000     
   4.4522324086581433        183.68180764315923     
   4.4522324086581433        183.68180764315923     
   4.4522324086581433        0.0000000000000000     
   4.4772324086581428        0.0000000000000000     
   4.4772324086581428        261.65357042978201     
   4.4772324086581428        261.65357042978201     
   4.4772324086581428        0.0000000000000000     
   4.5022324086581431        0.0000000000000000     
   4.5022324086581431        179.28006624030817     
   4.5022324086581431        179.28006624030817     
   4.5022324086581431        0.0000000000000000     
   4.5272324086581435        0.0000000000000000     
   4.5272324086581435        87.291635641075942     
   4.5272324086581435        87.291635641075942     
   4.5272324086581435        0.0000000000000000     
   4.5522324086581429        0.0000000000000000     
   4.5522324086581429        341.44253022793282     
   4.5522324086581429        341.44253022793282     
   4.5522324086581429        0.0000000000000000     
   4.5772324086581433        0.0000000000000000     
   4.5772324086581433        260.96044943555233     
   4.5772324086581433        260.96044943555233     
   4.5772324086581433        0.0000000000000000     
   4.6022324086581428        0.0000000000000000     
   4.6022324086581428        86.635324334359268     
   4.6022324086581428        86.635324334359268     
   4.6022324086581428        0.0000000000000000     
   4.6272324086581431        0.0000000000000000     
   4.6272324086581431        0.0000000000000000     
   4.6272324086581431        0.0000000000000000     
   4.6272324086581431        0.0000000000000000     
   4.6522324086581435        0.0000000000000000     
   4.6522324086581435        0.0000000000000000     
   4.6522324086581435        0.0000000000000000     
   4.6522324086581435        0.0000000000000000     
   4.6772324086581429        0.0000000000000000     
   4.6772324086581429        93.118932648341612     
   4.6772324086581429        93.118932648341612     
   4.6772324086581429        0.0000000000000000     
   4.7022324086581433        0.0000000000000000     
   4.7022324086581433        89.452551104856596     
   4.7022324086581433        89.452551104856596     
   4.7022324086581433        0.0000000000000000     
   4.7272324086581428        0.0000000000000000     
   4.7272324086581428        179.97606339963755     
   4.7272324086581428        179.97606339963755     
   4.7272324086581428        0.0000000000000000     
   4.7522324086581431        0.0000000000000000     
   4.7522324086581431        83.881960107016354     
   4.7522324086581431        83.881960107016354     
   4.7522324086581431        0.0000000000000000     
   4.7772324086581435        0.0000000000000000     
   4.7772324086581435        89.491842260190978     
   4.7772324086581435        89.491842260190978     
   4.7772324086581435        0.0000000000000000     
   4.8022324086581429        0.0000000000000000     
   4.8022324086581429        348.86198090391440     
   4.8022324086581429        348.86198090391440     
   4.8022324086581429        0.0000000000000000     
   4.8272324086581433        0.0000000000000000     
   4.8272324086581433        0.0000000000000000     
   4.8272324086581433        0.0000000000000000     
   4.8272324086581433        0.0000000000000000     
   4.8522324086581428        0.0000000000000000     
   4.8522324086581428        253.35711476936291     
   4.8522324086581428        253.35711476936291     
   4.8522324086581428        0.0000000000000000     
   4.8772324086581431        0.0000000000000000     
   4.8772324086581431        179.29891609510912     
   4.8772324086581431        179.29891609510912     
   4.8772324086581431        0.0000000000000000     
   4.9022324086581435        0.0000000000000000     
   4.9022324086581435        176.19249655576641     
   4.9022324086581435        176.19249655576641     
   4.9022324086581435        0.0000000000000000     
   4.9272324086581429        0.0000000000000000     
   4.9272324086581429        260.92522209080732     
   4.9272324086581429        260.92522209080732     
   4.9272324086581429        0.0000000000000000     
   4.9522324086581433        0.0000000000000000     
   4.9522324086581433        175.34467665629060     
   4.9522324086581433        175.34467665629060     
   4.9522324086581433        0.0000000000000000     
   4.9772324086581428        0.0000000000000000     
   4.9772324086581428        169.32827505516406     
   4.9772324086581428        169.32827505516406     
   4.9772324086581428        0.0000000000000000     
   5.0022324086581431        0.0000000000000000     
   5.0022324086581431        178.04432120680005     
   5.0022324086581431        178.04432120680005     
   5.0022324086581431        0.0000000000000000     
   5.0272324086581435        0.0000000000000000     
   5.0272324086581435        87.608362822019430     
   5.0272324086581435        87.608362822019430     
   5.0272324086581435        0.0000000000000000     
   5.0522324086581429        0.0000000000000000     
   5.0522324086581429        251.76020492301726     
   5.0522324086581429        251.76020492301726     
   5.0522324086581429        0.0000000000000000     
   5.0772324086581433        0.0000000000000000     
   5.0772324086581433        166.66399066580351     
   5.0772324086581433        166.66399066580351     
   5.0772324086581433        0.0000000000000000     
   5.1022324086581428        0.0000000000000000     
   5.1022324086581428        82.127456966012005     
   5.1022324086581428        82.127456966012005     
   5.1022324086581428        0.0000000000000000     
   5.1272324086581431        0.0000000000000000     
   5.1272324086581431        91.229970839383071     
   5.1272324086581431        91.229970839383071     
   5.1272324086581431        0.0000000000000000     
   5.1522324086581435        0.0000000000000000     
   5.1522324086581435        238.65838431703065     
   5.1522324086581435        238.65838431703065     
   5.1522324086581435        0.0000000000000000     
   5.1772324086581429        0.0000000000000000     
   5.1772324086581429        170.53586311841843     
   5.1772324086581429        170.53586311841843     
   5.1772324086581429        0.0000000000000000     
   5.2022324086581433        0.0000000000000000     
   5.2022324086581433        278.89358576558385     
   5.2022324086581433        278.89358576558385     
   5.2022324086581433        0.0000000000000000     
   5.2272324086581428        0.0000000000000000     
   5.2272324086581428        178.06133495531108     
   5.2272324086581428        178.06133495531108     
   5.2272324086581428        0.0000000000000000     
   5.2522324086581431        0.0000000000000000     
   5.2522324086581431        0.0000000000000000     
   5.2522324086581431        0.0000000000000000     
   5.2522324086581431        0.0000000000000000     
   5.2772324086581435        0.0000000000000000     
   5.2772324086581435        491.92971965938727     
   5.2772324086581435        491.92971965938727     
   5.2772324086581435        0.0000000000000000     
   5.3022324086581429        0.0000000000000000     
   5.3022324086581429        0.0000000000000000     
   5.3022324086581429        0.0000000000000000     
   5.3022324086581429        0.0000000000000000     
   5.3272324086581433        0.0000000000000000     
   5.3272324086581433        162.11002023733934     
   5.3272324086581433        162.11002023733934     
   5.3272324086581433        0.0000000000000000     
   5.3522324086581428        0.0000000000000000     
   5.3522324086581428        0.0000000000000000     
   5.3522324086581428        0.0000000000000000     
   5.3522324086581428        0.0000000000000000     
   5.3772324086581431        0.0000000000000000     
   5.3772324086581431        156.99924831226690     
   5.3772324086581431        156.99924831226690     
   5.3772324086581431        0.0000000000000000     
   5.4022324086581435        0.0000000000000000     
   5.4022324086581435        247.39439893162543     
   5.4022324086581435        247.39439893162543     
   5.4022324086581435        0.0000000000000000     
   5.4272324086581429        0.0000000000000000     
   5.4272324086581429        82.982942600838584     
   5.4272324086581429        82.982942600838584     
   5.4272324086581429        0.0000000000000000     
   5.4522324086581433        0.0000000000000000     
   5.4522324086581433        333.77579755009441     
   5.4522324086581433        333.77579755009441     
   5.4522324086581433        0.0000000000000000     
   5.4772324086581428        0.0000000000000000     
   5.4772324086581428        521.62952014760970     
   5.4772324086581428        521.62952014760970     
   5.4772324086581428        0.0000000000000000     
   5.5022324086581431        0.0000000000000000     
   5.5022324086581431        0.0000000000000000     
   5.5022324086581431        0.0000000000000000     
   5.5022324086581431        0.0000000000000000     
   5.5272324086581435        0.0000000000000000     
   5.5272324086581435        0.0000000000000000     
   5.5272324086581435        0.0000000000000000     
   5.5272324086581435        0.0000000000000000     
   5.5522324086581429        0.0000000000000000     
   5.5522324086581429        253.02431532265243     
   5.5522324086581429        253.02431532265243     
   5.5522324086581429        0.0000000000000000     
   5.5772324086581433        0.0000000000000000     
   5.5772324086581433        181.72396999389719     
   5.5772324086581433        181.72396999389719     
   5.5772324086581433        0.0000000000000000     
   5.6022324086581428        0.0000000000000000     
   5.6022324086581428        419.99007671809278     
   5.6022324086581428        419.99007671809278     
   5.6022324086581428        0.0000000000000000     
   5.6272324086581431        0.0000000000000000     
   5.6272324086581431        85.601426791562218     
   5.6272324086581431        85.601426791562218     
   5.6272324086581431        0.0000000000000000     
   5.6522324086581435        0.0000000000000000     
   5.6522324086581435        169.61464534207630     
   5.6522324086581435        169.61464534207630     
   5.6522324086581435        0.0000000000000000     
   5.6772324086581429        0.0000000000000000     
   5.6772324086581429        79.911594464306702     
   5.6772324086581429        79.911594464306702     
   5.6772324086581429        0.0000000000000000     
   5.7022324086581433        0.0000000000000000     
   5.7022324086581433        242.57598073926908     
   5.7022324086581433        242.57598073926908     
   5.7022324086581433        0.0000000000000000     
   5.7272324086581428        0.0000000000000000     
   5.7272324086581428        166.38253678017540     
   5.7272324086581428        166.38253678017540     
   5.7272324086581428        0.0000000000000000     
   5.7522324086581431        0.0000000000000000     
   5.7522324086581431        0.0000000000000000     
   5.7522324086581431        0.0000000000000000     
   5.7522324086581431        0.0000000000000000     
   5.7772324086581435        0.0000000000000000     
   5.7772324086581435        81.649196664805956     
   5.7772324086581435        81.649196664805956     
   5.7772324086581435        0.0000000000000000     
   5.8022324086581429        0.0000000000000000     
   5.8022324086581429        79.655698733864085     
   5.8022324086581429        79.655698733864085     
   5.8022324086581429        0.0000000000000000     
   5.8272324086581433        0.0000000000000000     
   5.8272324086581433        92.445822056211938     
   5.8272324086581433        92.445822056211938     
   5.8272324086581433        0.0000000000000000     
   5.8522324086581428        0.0000000000000000     
   5.8522324086581428        88.590575419632799     
   5.8522324086581428        88.590575419632799     
   5.8522324086581428        0.0000000000000000     
   5.8772324086581431        0.0000000000000000     
   5.8772324086581431        104.56085983680941     
   5.8772324086581431        104.56085983680941     
   5.8772324086581431        0.0000000000000000     
   5.9022324086581435        0.0000000000000000     
   5.9022324086581435        0.0000000000000000     
   5.9022324086581435        0.0000000000000000     
   5.9022324086581435        0.0000000000000000     
   5.9272324086581429        0.0000000000000000     
   5.9272324086581429        0.0000000000000000     
   5.9272324086581429        0.0000000000000000     
   5.9272324086581429        0.0000000000000000     
   5.9522324086581433        0.0000000000000000     
   5.9522324086581433        79.476736970007565     
   5.9522324086581433        79.476736970007565     
   5.9522324086581433        0.0000000000000000     
   5.9772324086581428        0.0000000000000000     
   5.9772324086581428        0.0000000000000000     
   5.9772324086581428        0.0000000000000000     
   5.9772324086581428        0.0000000000000000     
   6.0022324086581431        0.0000000000000000     
   6.0022324086581431        80.078884934016443     
   6.0022324086581431        80.078884934016443     
   6.0022324086581431        0.0000000000000000     
   6.0272324086581435        0.0000000000000000     
   6.0272324086581435        0.0000000000000000     
   6.0272324086581435        0.0000000000000000     
   6.0272324086581435        0.0000000000000000     
   6.0522324086581438        0.0000000000000000     
   6.0522324086581438        320.91156103394189     
   6.0522324086581438        320.91156103394189     
   6.0522324086581438        0.0000000000000000     
   6.0772324086581433        0.0000000000000000     
   6.0772324086581433        161.87070614679052     
   6.0772324086581433        161.87070614679052     
   6.0772324086581433        0.0000000000000000     
   6.1022324086581428        0.0000000000000000     
   6.1022324086581428        0.0000000000000000     
   6.1022324086581428        0.0000000000000000     
   6.1022324086581428        0.0000000000000000     
   6.1272324086581431        0.0000000000000000     
   6.1272324086581431        74.375379626589023     
   6.1272324086581431        74.375379626589023     
   6.1272324086581431        0.0000000000000000     
   6.1522324086581435        0.0000000000000000     
   6.1522324086581435        162.90196983703564     
   6.1522324086581435        162.90196983703564     
   6.1522324086581435        0.0000000000000000     
   6.1772324086581438        0.0000000000000000     
   6.1772324086581438        81.537444976976730     
   6.1772324086581438        81.537444976976730     
   6.1772324086581438        0.0000000000000000     
   6.2022324086581433        0.0000000000000000     
   6.2022324086581433        76.786218611402788     
   6.2022324086581433        76.786218611402788     
   6.2022324086581433        0.0000000000000000     
   6.2272324086581428        0.0000000000000000     
   6.2272324086581428        77.966165161715764     
   6.2272324086581428        77.966165161715764     
   6.2272324086581428        0.0000000000000000     
   6.2522324086581431        0.0000000000000000     
   6.2522324086581431        85.078537562042342     
   6.2522324086581431        85.078537562042342     
   6.2522324086581431        0.0000000000000000     
   6.2772324086581435        0.0000000000000000     
   6.2772324086581435        80.197239980979987     
   6.2772324086581435        80.197239980979987     
   6.2772324086581435        0.0000000000000000     
   6.3022324086581438        0.0000000000000000     
   6.3022324086581438        75.103640977233468     
   6.3022324086581438        75.103640977233468     
   6.3022324086581438        0.0000000000000000     
   6.3272324086581433        0.0000000000000000     
   6.3272324086581433        253.76881075963917     
   6.3272324086581433        253.76881075963917     
   6.3272324086581433        0.0000000000000000     
   6.3522324086581428        0.0000000000000000     
   6.3522324086581428        88.798100120450300     
   6.3522324086581428        88.798100120450300     
   6.3522324086581428        0.0000000000000000     
   6.3772324086581431        0.0000000000000000     
   6.3772324086581431        239.82938452816984     
   6.3772324086581431        239.82938452816984     
   6.3772324086581431        0.0000000000000000     
   6.4022324086581435        0.0000000000000000     
   6.4022324086581435        0.0000000000000000     
   6.4022324086581435        0.0000000000000000     
   6.4022324086581435        0.0000000000000000     
   6.4272324086581438        0.0000000000000000     
   6.4272324086581438        341.42910588994982     
   6.4272324086581438        341.42910588994982     
   6.4272324086581438        0.0000000000000000     
   6.4522324086581433        0.0000000000000000     
   6.4522324086581433        152.59491337754275     
   6.4522324086581433        152.59491337754275     
   6.4522324086581433        0.0000000000000000     
   6.4772324086581428        0.0000000000000000     
   6.4772324086581428        174.22752804790983     
   6.4772324086581428        174.22752804790983     
   6.4772324086581428        0.0000000000000000     
   6.5022324086581431        0.0000000000000000     
   6.5022324086581431        74.475312196868785     
   6.5022324086581431        74.475312196868785     
   6.5022324086581431        0.0000000000000000     
   6.5272324086581435        0.0000000000000000     
   6.5272324086581435        81.806850321415681     
   6.5272324086581435        81.806850321415681     
   6.5272324086581435        0.0000000000000000     
   6.5522324086581438        0.0000000000000000     
   6.5522324086581438        74.405142208463644     
   6.5522324086581438        74.405142208463644     
   6.5522324086581438        0.0000000000000000     
   6.5772324086581433        0.0000000000000000     
   6.5772324086581433        0.0000000000000000     
   6.5772324086581433        0.0000000000000000     
   6.5772324086581433        0.0000000000000000     
   6.6022324086581428        0.0000000000000000     
   6.6022324086581428        171.37939006115968     
   6.6022324086581428        171.37939006115968     
   6.6022324086581428        0.0000000000000000     
   6.6272324086581431        0.0000000000000000     
   6.6272324086581431        0.0000000000000000     
   6.6272324086581431        0.0000000000000000     
   6.6272324086581431        0.0000000000000000     
   6.6522324086581435        0.0000000000000000     
   6.6522324086581435        236.29878599261502     
   6.6522324086581435        236.29878599261502     
   6.6522324086581435        0.0000000000000000     
   6.6772324086581438        0.0000000000000000     
   6.6772324086581438        0.0000000000000000     
   6.6772324086581438        0.0000000000000000     
   6.6772324086581438        0.0000000000000000     
   6.7022324086581433        0.0000000000000000     
   6.7022324086581433        73.519884301508526     
   6.7022324086581433        73.519884301508526     
   6.7022324086581433        0.0000000000000000     
   6.7272324086581428        0.0000000000000000     
   6.7272324086581428        77.319861092292356     
   6.7272324086581428        77.319861092292356     
   6.7272324086581428        0.0000000000000000     
   6.7522324086581431        0.0000000000000000     
   6.7522324086581431        0.0000000000000000     
   6.7522324086581431        0.0000000000000000     
   6.7522324086581431        0.0000000000000000     
   6.7772324086581435        0.0000000000000000     
   6.7772324086581435        143.97275236969597     
   6.7772324086581435        143.97275236969597     
   6.7772324086581435        0.0000000000000000     
   6.8022324086581438        0.0000000000000000     
   6.8022324086581438        77.869872862673745     
   6.8022324086581438        77.869872862673745     
   6.8022324086581438        0.0000000000000000     
   6.8272324086581433        0.0000000000000000     
   6.8272324086581433        161.37832957419286     
   6.8272324086581433        161.37832957419286     
   6.8272324086581433        0.0000000000000000     
   6.8522324086581428        0.0000000000000000     
   6.8522324086581428        0.0000000000000000     
   6.8522324086581428        0.0000000000000000     
   6.8522324086581428        0.0000000000000000     
   6.8772324086581431        0.0000000000000000     
   6.8772324086581431        150.27709926798934     
   6.8772324086581431        150.27709926798934     
   6.8772324086581431        0.0000000000000000     
   6.9022324086581435        0.0000000000000000     
   6.9022324086581435        224.50118524387352     
   6.9022324086581435        224.50118524387352     
   6.9022324086581435        0.0000000000000000     
   6.9272324086581438        0.0000000000000000     
   6.9272324086581438        82.477199600314449     
   6.9272324086581438        82.477199600314449     
   6.9272324086581438        0.0000000000000000     
   6.9522324086581433        0.0000000000000000     
   6.9522324086581433        151.13831142318281     
   6.9522324086581433        151.13831142318281     
   6.9522324086581433        0.0000000000000000     
   6.9772324086581428        0.0000000000000000     
   6.9772324086581428        75.412439973262295     
   6.9772324086581428        75.412439973262295     
   6.9772324086581428        0.0000000000000000     
   7.0022324086581431        0.0000000000000000     
   7.0022324086581431        0.0000000000000000     
   7.0022324086581431        0.0000000000000000     
   7.0022324086581431        0.0000000000000000     
   7.0272324086581435        0.0000000000000000     
   7.0272324086581435        214.68440408843477     
   7.0272324086581435        214.68440408843477     
   7.0272324086581435        0.0000000000000000     
   7.0522324086581438        0.0000000000000000     
   7.0522324086581438        0.0000000000000000     
   7.0522324086581438        0.0000000000000000     
   7.0522324086581438        0.0000000000000000     
   7.0772324086581433        0.0000000000000000     
   7.0772324086581433        78.490216824987456     
   7.0772324086581433        78.490216824987456     
   7.0772324086581433        0.0000000000000000     
   7.1022324086581428        0.0000000000000000     
   7.1022324086581428        0.0000000000000000     
   7.1022324086581428        0.0000000000000000     
   7.1022324086581428        0.0000000000000000     
   7.1272324086581431        0.0000000000000000     
   7.1272324086581431        163.62691279688840     
   7.1272324086581431        163.62691279688840     
   7.1272324086581431        0.0000000000000000     
   7.1522324086581435        0.0000000000000000     
   7.1522324086581435        151.81175657322518     
   7.1522324086581435        151.81175657322518     
   7.1522324086581435        0.0000000000000000     
   7.1772324086581438        0.0000000000000000     
   7.1772324086581438        146.86392572013915     
   7.1772324086581438        146.86392572013915     
   7.1772324086581438        0.0000000000000000     
   7.2022324086581433        0.0000000000000000     
   7.2022324086581433        74.633830605973259     
   7.2022324086581433        74.633830605973259     
   7.2022324086581433        0.0000000000000000     
   7.2272324086581428        0.0000000000000000     
   7.2272324086581428        149.62621340490119     
   7.2272324086581428        149.62621340490119     
   7.2272324086581428        0.0000000000000000     
   7.2522324086581431        0.0000000000000000     
   7.2522324086581431        146.21173946305788     
   7.2522324086581431        146.21173946305788     
   7.2522324086581431        0.0000000000000000     
   7.2772324086581435        0.0000000000000000     
   7.2772324086581435        0.0000000000000000     
   7.2772324086581435        0.0000000000000000     
   7.2772324086581435        0.0000000000000000     
   7.3022324086581438        0.0000000000000000     
   7.3022324086581438        153.65688379543076     
   7.3022324086581438        153.65688379543076     
   7.3022324086581438        0.0000000000000000     
   7.3272324086581433        0.0000000000000000     
   7.3272324086581433        0.0000000000000000     
   7.3272324086581433        0.0000000000000000     
   7.3272324086581433        0.0000000000000000     
   7.3522324086581428        0.0000000000000000     
   7.3522324086581428        304.09809379757121     
   7.3522324086581428        304.09809379757121     
   7.3522324086581428        0.0000000000000000     
   7.3772324086581431        0.0000000000000000     
   7.3772324086581431        0.0000000000000000     
   7.3772324086581431        0.0000000000000000     
   7.3772324086581431        0.0000000000000000     
   7.4022324086581435        0.0000000000000000     
   7.4022324086581435        74.465519825178419     
   7.4022324086581435        74.465519825178419     
   7.4022324086581435        0.0000000000000000     
   7.4272324086581438        0.0000000000000000     
   7.4272324086581438        73.381000582145148     
   7.4272324086581438        73.381000582145148     
   7.4272324086581438        0.0000000000000000     
   7.4522324086581433        0.0000000000000000     
   7.4522324086581433        150.40443464974948     
   7.4522324086581433        150.40443464974948     
   7.4522324086581433        0.0000000000000000     
   7.4772324086581428        0.0000000000000000     
   7.4772324086581428        0.0000000000000000     
   7.4772324086581428        0.0000000000000000     
   7.4772324086581428        0.0000000000000000     
   7.5022324086581431        0.0000000000000000     
   7.5022324086581431        146.85297027119822     
   7.5022324086581431        146.85297027119822     
   7.5022324086581431        0.0000000000000000     
   7.5272324086581435        0.0000000000000000     
   7.5272324086581435        0.0000000000000000     
   7.5272324086581435        0.0000000000000000     
   7.5272324086581435        0.0000000000000000     
   7.5522324086581438        0.0000000000000000     
   7.5522324086581438        147.12728585926681     
   7.5522324086581438        147.12728585926681     
   7.5522324086581438        0.0000000000000000     
   7.5772324086581433        0.0000000000000000     
   7.5772324086581433        0.0000000000000000     
   7.5772324086581433        0.0000000000000000     
   7.5772324086581433        0.0000000000000000     
   7.6022324086581428        0.0000000000000000     
   7.6022324086581428        0.0000000000000000     
   7.6022324086581428        0.0000000000000000     
   7.6022324086581428        0.0000000000000000     
 TOTAL INTENSITY OF THESE BINS   23584.661097894354     
