  -25.150850322051980     
  -166.46582808921295     
   5.0442169950873170     
   2.8041840940458380     
  -86.060466763304518     
  -18.618745784402879     
  -22.144337696529142     
   11.982582624777230     
   124.18264730456762     
   13.086625439214128     
  -28.318171590884493     
   31.778888190175476     
   53.654919167187536     
   55.997138256068069     
  -15.828245058726448     
  -2.9361386828154785     
  -79.414949044609472     
  -40.855035100254781     
   106.85760654173829     
  -52.165953060913026     
  -2.9877003666530237     
   3.7186568076851882     
  -20.627060861857359     
  -1.4061850969252707     
  -22.139279692721491     
  -13.873957461737435     
  -6.9692524525127464     
   30.069507088712534     
  -3.2414006417297170     
  -45.849007382591360     
  0.46682731194697291     
  0.17306569145251807     
  -1.9327646131572929     
  -3.3149886863322866     
  -4.8296832407737567     
  -2.7008309115957503     
  -6.2188402389783919     
  -18.160391293157861     
  -5.0924208839698997     
   13.502157773125136     
   2.8318257964420255     
  -7.3006757687685075     
   1.0338986171892637     
  -13.682248198589823     
  -18.714958057893980     
