 -0.14835441782818601     
 -0.82886915718285770     
  0.31727721075439336     
   5.7548892146763599E-002
   4.3935494407722084E-002
  0.22549317278727096     
  0.27878948387944391     
   5.1009302866633140E-002
  0.10433654215501703     
   3.5417661309586061E-002
   8.4254477892839658E-002
  0.12171134444444669     
  -1.2438490558886866E-002
   4.3675750428998864E-002
  -9.3249011451068415E-003
   2.0499197805573389E-002
  -1.0262363982255319E-002
   5.6367016715322005E-003
   1.6069193390138743E-003
  -9.5718884576861726E-003
   6.2804362990719759E-002
   1.7952928980835833E-002
   3.7136968855037886E-003
   4.1988669168642266E-002
  -6.0426109444582272E-002
   4.9868398131343375E-002
  -2.8412654481508280E-002
  -1.4753633165457134E-002
  -2.4091865549368836E-002
  -2.3319517833114301E-003
   2.3258476150811794E-002
   1.5936926644565627E-002
   3.0215898157459758E-003
  -2.6567742844628190E-003
   5.5622123700161518E-003
  -1.3964900672963774E-002
   9.0577646996697972E-003
   1.7130717015650934E-003
   1.1960682547481468E-003
   2.0362606590967586E-002
   9.3065755692711746E-003
   3.8510980620537448E-002
   5.8536874044321733E-004
  -8.6252235165989385E-003
   7.6372723866232652E-003
  0.12179533779246710     
 -0.34355002922597966     
 -0.79206694985728177     
 -0.28919235040704988     
 -0.16122511505701542     
  0.15562022654776708     
  -2.0219013159904200E-003
   3.1535116439266403E-002
   5.1571056485978858E-002
 -0.10040923683135121     
 -0.22167430993734175     
 -0.10848932846150657     
  -1.7737482596683517E-002
  -4.8317300581875937E-002
 -0.10651901390952430     
  -2.9812055425066885E-002
   8.7890498685371257E-002
   3.3994220286744412E-002
   1.9456982717704168E-003
   1.0987632795513557E-002
   5.8740335008613843E-002
  -1.2126762050932273E-002
  -6.1023915795671933E-003
   6.4925452091997896E-004
  -1.6759313509532425E-002
   1.7648791267973300E-002
   2.2582514517241917E-002
   2.6945262540639379E-003
   2.5123154844473715E-002
   1.7747971036379165E-002
   2.1503425832032665E-002
  -1.3517851220738364E-003
  -2.7094076832587070E-004
  -2.5891629729828488E-004
  -4.8614295714591227E-003
  -6.0004836486388111E-003
   1.6598358336650278E-002
  -4.8135422706936321E-003
  -8.7448654848142886E-003
  -1.4393007776075738E-002
   2.2880916989776977E-002
  -2.3019446205213320E-003
   2.2740278971727731E-004
   1.7092029476668098E-003
   7.6239074564145850E-003
   8.5162947433672573E-002
   3.9243134626674857E-002
 -0.20397670967904438     
  0.47115031324781476     
  0.64993438361680544     
   5.2118181275283545E-002
  0.23737714678499244     
  -6.0533242606128024E-002
  -8.9116410718887568E-002
 -0.29721980749333216     
 -0.24986040536967616     
   7.2508340133905488E-002
 -0.12288976967421622     
   3.8702108563287785E-003
   1.1373840602697100E-003
  -4.7688216618062759E-002
  -2.2886589421681723E-002
  -2.9682659502211991E-002
 -0.15181749259911384     
  -1.1819169129579584E-002
   4.2019966018744345E-002
  -1.4522770835800076E-002
  -9.4249695973389142E-002
   3.4905731020605846E-002
  -8.4154599540525399E-002
   1.6171833011062117E-002
  -3.1538732522219809E-002
   7.9259790979365960E-003
   1.3654458056555829E-002
  -1.4638119050635041E-002
   1.1309101278514583E-002
  -2.0216373746276346E-002
  -3.9544013867134686E-002
  -1.1850772234752316E-002
   7.3384406390417456E-003
   4.8415765688124425E-002
   1.9915723133496713E-002
   9.5620966993045564E-002
  -1.5473167017282241E-002
   1.6232865404678543E-002
   7.9744780793036783E-003
   2.1846098521735573E-002
   1.8258450849196885E-002
  -5.0518167980577811E-003
   7.7035789396524730E-003
  0.13080346703724838     
  0.10859399865199608     
 -0.17762471424480830     
  0.17923765159152039     
  0.30050883393115546     
  0.49472481776295246     
 -0.13570060199089817     
   1.0457618667339817E-002
  0.34194087482452717     
  0.32411359761483866     
  0.33013384188359202     
   3.5432917384981027E-002
  0.18533739837345869     
   3.4439916997538726E-002
  -1.7234348056953782E-002
   8.3819826128367688E-003
   1.8451164596750616E-003
   1.2707053158622928E-002
  0.24684326882799607     
   9.7862298227088473E-002
  -4.9354997452506801E-002
   9.3987299278640149E-002
  0.16748858042756640     
   1.4106133158491463E-002
  0.11316162483079291     
   1.9104074532756369E-003
   9.4869073289677280E-002
   3.0412519833864712E-002
   3.4694828830674207E-002
  -3.0674315733831676E-003
   1.4421612719660908E-002
   2.8205264542686837E-002
   5.6792139663408119E-002
   3.8847274528317562E-003
   6.0842415250889738E-003
  -4.4402254140751059E-002
  -8.7086293649012922E-002
 -0.18502447205474640     
   2.9425705426558823E-002
   1.1495629959523536E-002
   3.6778473170522311E-002
  -1.0486954765469465E-002
  -2.9728040176615088E-002
   1.2694117443490234E-002
   7.2264255674994878E-004
 -0.25568432935088353     
   7.1144873755955703E-003
 -0.16410667512199628     
  0.47252066923176217     
 -0.38333806307082707     
  0.31393272467295003     
  -2.6659672877731043E-002
 -0.16396408245782151     
 -0.58201695259141240     
  0.12904528363317688     
   5.6330814353832838E-002
   6.0809719271292022E-002
   3.7620135515509079E-002
   5.2816082031709219E-002
  -2.9650936690583329E-002
   5.9691299595347455E-002
   3.2592087158123874E-002
  -8.1902709497682372E-002
  -4.1410262468937649E-003
   6.0105499359582579E-002
  -3.8640282657423003E-002
   8.2498340697285497E-002
  -4.3361121166736440E-002
  -2.7272399334701367E-002
   5.5112911796422956E-002
   1.0251776960920566E-002
  -1.2116640700814625E-002
  -3.2950044416212625E-002
  -3.1746840125877647E-002
   3.4789957806944306E-002
  -2.3995845989078030E-002
  -1.3026002226220826E-003
   1.5571019716534382E-002
   1.3216171785351411E-003
   8.1891565360351620E-003
  -9.7847006905052714E-003
   5.7247908809356547E-002
   2.2367383476754998E-002
   1.7339172696407210E-002
  -4.2267007750220180E-002
   6.4215483070598323E-002
   1.1016244583998641E-002
  -1.6578000520694487E-002
   2.6776831993798426E-003
  -8.0154941563953270E-003
  -2.3131570854178673E-002
 -0.21649761915198062     
   5.4279790967582370E-002
   5.2278286088137380E-002
  0.14888084059495610     
 -0.28060517539432461     
 -0.30926730746403097     
  -1.3412057749978024E-002
 -0.15960939855163209     
  -1.7818447336241369E-002
 -0.45174783857553114     
  0.19691734170251626     
  0.27423695554735095     
  -9.8782507324002332E-004
   4.5205087593139105E-002
   1.7867210669984108E-002
   7.3836031893425519E-003
  -7.0763377586524290E-002
  0.28810853794867775     
  0.25359875438824364     
 -0.13045088342214051     
   3.7885173577176509E-002
  0.10485785308931876     
  -8.0471716759134768E-003
  0.26574154683870582     
   3.6401980108301708E-002
   3.8876007422478792E-002
  -1.2712859081713006E-002
   7.4572968719744837E-002
 -0.10504494584610113     
   4.9289172202995564E-002
   4.8981431242131994E-002
  0.11351643380062269     
   1.6815004626865665E-002
   8.8276698343139424E-003
 -0.15760351160001967     
  -4.1243519743725178E-002
 -0.28179627894363535     
   4.9207443685929754E-002
  -4.4211191162108615E-002
  -3.5502661351335493E-002
  -9.3740096565377313E-003
  -4.5144271314525586E-002
   7.5804351658009033E-003
   4.3468387991441220E-003
  0.58086037384649303     
 -0.13079291760025308     
   2.4871011080305996E-002
 -0.24542921234496845     
  0.24576737681900565     
  -7.2332604693486541E-002
   1.0771949351229531E-002
   9.6495616771005516E-002
 -0.58027205973092300     
  0.30840849574868817     
  0.23492202723632058     
   5.1868847128030270E-002
  -9.7952855678924162E-003
   3.8396128499379477E-002
   3.2846725133091658E-003
   4.8041892793729045E-003
   2.6078411473898954E-002
  -3.4520330399902405E-002
  -6.7024327544046691E-002
  -4.3708559802503461E-002
   3.6078231480694126E-002
   4.8311919858109773E-002
  -5.3273603288600938E-002
  -2.2511914504771469E-002
  -2.0058897087310696E-002
  -1.1022855986174107E-002
  -1.3971019066548913E-002
  -1.5068908189736914E-002
  -6.2253160190552182E-003
   1.6611301948052368E-002
  -1.5431954729817378E-002
   7.1147282577887303E-003
  -1.2868069322978879E-002
   1.0891737406148727E-003
   9.2242690692373851E-003
   5.5746635669500109E-003
   5.7738996845665995E-003
  -1.2994138774684276E-002
   1.2845361897345333E-002
   8.2472663478159597E-003
  -2.1196346570836787E-003
   5.5981697377946761E-003
   2.4589265272896142E-002
   5.0293666461920699E-003
  -8.7513240359873967E-003
  -4.6095424349596979E-002
   2.5584401103267249E-002
 -0.22560358918111537     
  0.30017558826286711     
 -0.13417622718406486     
 -0.37320022178228429     
  0.30002296893908614     
  0.66307126258375149     
   9.3894645830859255E-002
  0.31106359545559398     
   2.2863718434329123E-002
  0.12944679058703895     
   9.6497196259986789E-002
   3.4056844804033107E-002
   9.3449831845568404E-002
  -5.4779592433016375E-002
  -2.1665697686126442E-002
  -1.8069272251228129E-002
   2.6056377626673292E-002
  -2.2975300341140305E-003
   3.2387901029054499E-002
   6.9276161215260333E-003
   6.2929838554331569E-002
   1.5457224512453255E-002
   2.3165002116861930E-002
   4.8022887149719078E-002
  -1.9745699249413672E-002
   4.4147064218367844E-002
  -4.1160644185770458E-002
   1.8618111612655724E-002
  -2.4781116428968950E-002
   1.7308348399498560E-002
   8.7667841722639216E-003
   1.8586135141636498E-004
   1.4461401872457446E-003
   2.6224439448251924E-002
  -1.6409353834618841E-002
   6.4271860134967662E-002
   6.3330871326961469E-003
   2.6959459747899119E-002
  -3.5172249746420713E-002
  -4.2534279556081739E-003
  -4.5737190674470643E-002
  -5.0991933212165544E-004
   2.1564558395960787E-003
  0.19908934473961376     
   2.1256538568529711E-002
  0.21380470474319127     
   8.7025238698818438E-002
 -0.10856018204993655     
  0.37377359861272957     
 -0.29365280525885951     
  0.62367302607025887     
 -0.13092227043020915     
 -0.44989251988940121     
  -6.2516103588940442E-002
 -0.14115627468196992     
   3.1024325505060731E-002
  -6.6111822914754245E-002
  -4.0096006232635005E-002
  -5.7484165468023207E-002
  -5.2085784786617432E-003
   7.3828348410443917E-002
   5.5308869207295580E-002
  -9.5326193800305669E-003
   4.2080978508516616E-002
  -6.4525846219094851E-002
   4.3448555465407858E-002
   1.4427590952732347E-002
  -1.7582810020307947E-002
  -5.3099088495742949E-002
   3.1567311716597891E-003
   2.0345073245704240E-002
   3.3465927252075763E-002
  -3.8063974318940964E-002
   3.1442079168609083E-002
   4.9523416826707800E-004
  -5.6826539587775445E-003
  -1.0296795633000105E-003
   3.4284460835279449E-003
   9.1471247108750268E-003
   4.1718888529232176E-003
   2.4192212422297268E-002
  -3.1647187965602966E-002
   4.3330129892239144E-003
  -1.2164583398402264E-003
   2.2228328291107238E-003
  -2.7767103586876191E-002
   2.0497044692184265E-003
  -3.0627863816218188E-003
  -2.3549429252671041E-002
  0.24513236015060352     
   6.0104488928350318E-002
 -0.28557391893903783     
  -4.0533780986416038E-002
  0.19572212186269444     
  0.71871134323091002     
   1.3811835661291469E-002
 -0.17275769790985132     
 -0.21835949530605059     
  -5.1109924319590223E-002
   9.5316740094834405E-003
  0.19899436214242691     
  -4.9470196260033447E-002
   6.0419020423383166E-002
   3.2599858729501704E-002
   2.5559315891019535E-002
  -1.3462533589927186E-002
  0.22942748581216399     
  0.16188550626079104     
  -4.2668282844151105E-002
   2.9017989418008063E-002
   9.9414251721216720E-002
  -3.3027410682720734E-002
   9.9870734180574516E-002
  -1.7349731063391931E-002
   1.0987097429358123E-002
   1.7064588244311556E-002
   6.9391553085427743E-002
  -2.0210209731943839E-002
   5.5211815860998874E-002
   3.0379080206379701E-002
   7.3511374036431945E-002
  -1.1489910732606063E-002
   1.3281866262785977E-002
  -9.9359517821695775E-003
  -8.5318803898603510E-002
 -0.19777262810083027     
   3.6783235756867309E-002
   2.0030019286285269E-002
   4.3009947269327678E-002
  -2.8265068444518558E-002
  -2.5470739548839567E-002
   6.5971849910652428E-003
   4.3083378164412720E-003
  0.20908653317079395     
   2.6188996081463349E-002
   5.6054702767086510E-002
  0.13948394549768858     
  -9.2574543320354780E-002
 -0.12285445169170602     
  0.10273842633800205     
  -2.1866192460901056E-002
   5.6203991386965128E-002
  -2.0580023604756584E-002
  -3.6263412118132519E-002
  -2.7576496017567044E-002
 -0.23214682687296342     
   9.7348133782410307E-002
 -0.72551712201568630     
  0.45837475561001462     
  -9.9854564534380685E-002
   5.5740494454138284E-002
  0.20443786418055113     
   3.6448114283118213E-002
   3.1527846201062221E-002
   2.1050114531117155E-002
  0.13477667021965947     
   2.4348294031563779E-002
   5.2495066814894985E-002
   7.4886783379364136E-002
  -4.2501509711281006E-002
  -2.7376296584372205E-002
  -6.3930415624136733E-003
   1.2445571779265720E-002
   2.0617122680578772E-002
   3.3813642090901860E-002
   2.1834352626267647E-002
   8.9383039271890355E-003
  -5.4236269333571780E-003
  -4.9256680815163274E-002
  -1.0279299544229695E-002
   1.7422395973641026E-002
   1.8900472663361163E-003
   4.7578205507214635E-003
  -1.0328843728458850E-002
  -1.8439976254302675E-003
  -1.1554167144098043E-002
  -3.2493816822648596E-003
   3.4167562341785242E-003
   1.9079637998366369E-002
   7.6947758837069863E-002
  0.16198880967185059     
  -7.8253846695681431E-002
   2.3832669451115063E-002
  0.30062281740133556     
   6.4709761033821533E-002
   8.4116466152441283E-002
   5.2220948442423962E-002
  0.45405284466362344     
 -0.57407464558045529     
 -0.10219908704720818     
  -7.3154391974944721E-002
  -6.9225924572545991E-002
  -5.6049304783002185E-002
   1.7520755963618836E-002
 -0.10622723660956665     
 -0.12276903045314665     
 -0.17866896367804039     
 -0.12658847269136295     
 -0.13715204294282621     
  -3.5888155506538746E-002
   2.0618286630256867E-002
 -0.30700574695058325     
   3.1220657206098894E-002
  -7.4296390221124400E-002
   3.4961454333616554E-002
  -1.8188381956159811E-002
  -6.5257386694264494E-002
   8.3964458003829748E-002
  0.14350418489348732     
  -2.2301948076758317E-002
  -4.3499653894197479E-002
  -6.2769941732292505E-003
   6.4670000290169657E-002
  -2.4728873149041073E-002
  -1.6031589529063462E-002
  0.12508426928574623     
  -1.4718428622731232E-002
  -5.1238481418304824E-002
  -2.1138578595371164E-002
 -0.19808709911402997     
   1.1840755542165519E-002
   2.9162669097559393E-002
   3.1347708399204748E-002
 -0.62846710821435980     
   2.8466445672346036E-002
  -8.9732749516292898E-002
 -0.28745353087896547     
  0.40862483080222295     
  -6.7240130409446282E-004
 -0.12303308591401349     
  0.28987920025675967     
 -0.21394555058009887     
   6.9679980666018687E-002
  0.12114364937021266     
 -0.20911413164560971     
  -6.5041706984913919E-002
   9.4833966764435368E-002
 -0.14539204629974820     
  0.28377473543563025     
   8.7233865813590106E-002
  -1.9954173817018032E-002
   3.1063689712595832E-002
   4.0262156825605459E-002
  -2.7765588470076361E-002
   2.3909867295986532E-002
  -5.8810553260242392E-002
  -2.4538058222019859E-002
  -7.6379335566452558E-002
  -2.3953940577615639E-002
  -1.7805601718017604E-002
  -1.1831346370087887E-002
   1.4346117523685196E-002
   1.0279330894187873E-002
   5.8564285363918289E-003
   2.8513269862882369E-004
   6.3122434687044385E-003
  -7.6558373090112892E-003
   4.7746703183260009E-003
  -3.6924798817994349E-003
   6.3453753181091027E-003
   1.6314475510767800E-003
  -4.9911685649946741E-003
  -4.9073475233439388E-003
   3.9495790997407772E-003
  -1.4608758055794431E-003
  -2.1437544790661603E-003
  -3.6151793298145915E-003
   1.4538946981618992E-003
  -4.1431152322202541E-002
  0.12122054504521976     
  -5.2292592424268571E-002
 -0.15769666778570568     
  -1.0519010257617617E-002
  0.12647802121717000     
  -1.3925163701192443E-002
   8.2957126841129616E-002
   3.6085961099107680E-002
  -7.8442125372470251E-002
   1.0043061728948437E-002
  0.49146354514130997     
  -7.7268379844491111E-003
   3.9069328404925378E-002
  -2.1166490023331406E-002
   7.8982376406172936E-002
   3.2527910100914131E-002
  -3.3304189539729717E-002
 -0.18245469848975346     
 -0.33127723230873773     
 -0.15764847460065762     
  0.23555118435792372     
  -1.3115339022048214E-002
  0.24184947211157201     
   9.4740108756966743E-002
   9.7452407562336640E-002
 -0.11387995266935039     
 -0.20367896144458050     
  -4.8868354493407387E-002
 -0.23557681862330204     
  0.13974763601101378     
  0.11430708804590169     
   4.5680540107880398E-002
   6.1641816724344205E-002
  -1.8757047297694139E-002
 -0.43841258432574354     
   8.7201109708741467E-002
  0.12893227635644758     
  -4.2210477663475195E-002
   3.9614404726737801E-002
  -1.2395088211292165E-002
  -1.5545089118341487E-002
   6.6279647110960285E-003
  -3.6950094648380394E-002
  -1.6015069727996554E-003
   1.7798282115318174E-002
  -7.9335539765177376E-003
  -2.8416911872974966E-002
   6.3632918947293615E-002
   1.2176614119341634E-002
   1.0454514215912116E-003
  -1.2446540876481851E-002
  -6.6024573162377961E-002
  -4.2961473819962341E-002
  0.11130245883523492     
  -5.2237058310968768E-002
  -4.5730035136617338E-002
  0.33340434320858936     
 -0.54934398380622573     
  0.10964158557840943     
  0.39244477552992563     
 -0.13809947367308803     
   9.1453103137666400E-002
  0.11287888852282296     
 -0.18911493240437688     
   2.3824138779319791E-002
 -0.25380781734934854     
   2.8552087484631051E-002
  0.23494495303149165     
 -0.36612142360806621     
  -2.9613927413234851E-002
 -0.12217281470330960     
  -3.6863965268652134E-002
  -1.0237988270842898E-002
 -0.10794906052368070     
   3.9505694746852414E-002
   5.6467085949254937E-003
  -9.2508725747040589E-003
  -6.2013736456800221E-003
   2.0524010562761871E-002
   1.9199527257026526E-002
  0.12107607352784888     
  -8.0458328459514419E-003
   7.3440084866429967E-003
   8.7027523207452218E-002
  -3.9044780743242823E-002
   1.5468212112315199E-002
  -5.4345329565392122E-003
   6.7289944468919477E-002
  -3.1444406200375266E-002
  -4.5913716396152202E-002
  0.12103231902018648     
  -5.9418086585214420E-003
 -0.12831004274821364     
  -4.2768069927037793E-002
  0.10014711343949671     
  -9.9464123690684941E-002
   2.6925281145713187E-002
   1.4735930564623580E-002
   7.5368796619305803E-002
  -9.6028633081270146E-002
  0.47115356750317711     
 -0.10185416210000478     
  0.14808923621098000     
  -8.8565708692399305E-004
  -6.4149709628409457E-003
 -0.21070737059650008     
  -3.3272381609948588E-002
   4.0708453732753856E-002
  0.37411076210205085     
  0.52708546609333196     
  -6.0065763934611438E-002
  -7.4632836303484995E-002
   4.2942285212537630E-002
 -0.31628388763967691     
 -0.16328762125458207     
  -5.8611270891954184E-002
  -2.0892538003713278E-002
   2.6269336304990464E-002
   2.9541334044837355E-002
  0.20256153881187083     
  -3.2142028425117632E-002
  -3.8156709212670760E-002
  -1.8952254381924206E-002
   1.9321806963680029E-002
   9.3891961726792941E-002
   4.3919158559584705E-002
  -4.0729860101772306E-002
   3.5172525331240968E-002
   5.7199292518602465E-002
   4.0824478693710566E-002
  -5.3263891539233083E-002
  -2.9618120829742979E-003
  -3.1881983678503534E-002
   5.2523384958694380E-003
 -0.18372002973571194     
   1.4809087138040883E-002
  -7.8747693135120707E-003
  -3.7423986600989501E-002
   7.5542683053042667E-002
  -2.1278530824933577E-002
   1.5252562904154679E-002
  -4.8050567489782640E-002
 -0.16968674240772838     
   9.7312661178781595E-002
   2.7245033268534738E-002
   3.4652670818732856E-002
   7.3069795848245508E-002
 -0.10015556905911729     
 -0.36280291808584014     
 -0.56958597330418648     
 -0.25194189972148262     
  0.48145279731769719     
  -3.7724944608199494E-002
  -9.9087842016285843E-002
   4.0675071173138233E-003
 -0.18555967253961661     
  0.28007899036246603     
   4.2067938983331533E-002
  -1.6104427993290694E-002
   6.4170804765250999E-002
   7.2787430068045993E-003
  -1.4722983190393509E-002
   7.2257288257492308E-002
  -6.7162940047788278E-002
   6.1987796841219744E-002
   1.3953719774094535E-002
   1.3079671929608979E-002
   4.0500820722100019E-003
  -9.3140454833056316E-003
  -5.0784693026524316E-002
  -1.6741182556738149E-002
  -3.2311674599946149E-003
  -1.1489930546367801E-002
   2.0671340594410902E-002
  -2.9502598645629249E-002
  -5.0820294411930674E-003
   4.4970871879664309E-003
   1.4970410144376192E-003
   4.3597330065088674E-003
  -6.4506754846412550E-004
   1.3885432219002109E-002
   3.0407189292609129E-002
   1.7400007048904809E-002
  -1.5169956549449788E-002
  -2.2813542925523751E-002
  -3.2442186026147450E-002
  -3.4313967809813273E-002
  -3.6331626506796659E-002
   2.7326992239923782E-005
 -0.18278805801665851     
  0.13770138819335351     
   4.4772916026304010E-002
  0.28181218753528881     
   4.1859396248572191E-002
   3.3621348027819263E-002
  0.32908636227169080     
  0.28478562937448182     
  0.22403246282567232     
 -0.43216426567036981     
  -6.3237608424968117E-002
  0.32484665605073632     
  0.18700413732578941     
   2.1164135003520261E-002
 -0.29726421419489057     
 -0.15228995104310569     
   3.5645865984337173E-002
  0.16014850837742958     
   3.5329943349582810E-002
  0.12250958842910648     
   5.1833602708647709E-002
  -9.0067749568507910E-002
 -0.10169457783080024     
  -4.9272001906661422E-002
   1.8172681234877225E-002
  0.28834295219433798     
   1.0873722988366178E-002
 -0.11977383372772009     
   5.6202308576013153E-002
   4.6151511694506389E-002
   4.5346097948089713E-002
  -3.9049827241442396E-002
  -2.0876190805616725E-002
  -2.7440836643628150E-002
   2.0558587183326579E-003
  -2.2021164617585728E-002
   4.1562180432014595E-002
   7.7301738232418801E-002
   1.0308040260746032E-002
   4.5294763854402363E-003
  -1.3804277297549853E-002
   7.5712415177118094E-003
   1.5338435764239374E-002
   5.3475952916484930E-002
   3.4977522854388286E-002
   2.7510821246329215E-002
  0.15219920258267053     
  0.19051913980675664     
 -0.24808234704953666     
 -0.44561318212169382     
 -0.28418622712269848     
  0.58861634731651424     
 -0.39721921289915008     
  -9.8577125261735052E-003
   2.2022389525670191E-002
  -5.1130913223197388E-003
 -0.13445204979084516     
 -0.16777530329609391     
   1.8962752735809729E-002
 -0.15829870182402761     
  -6.1780758364035342E-002
   2.4696419812840827E-002
   1.8237951883040567E-002
   2.9785989748089248E-003
   5.2512625146853426E-003
  -8.8739637954762182E-003
  -3.4872624556056490E-002
  -1.5350537833183466E-002
  -1.3000326181634009E-002
  -1.1542068899592871E-003
   3.3878681391988234E-002
   8.4270579440292887E-003
  -2.7351828213619714E-002
   7.9004705789795064E-004
   1.8566166481655558E-002
  -1.7759470224316058E-002
   9.4440707975872759E-004
   1.7692660236153904E-002
   7.9414207983889238E-003
  -4.0547712590652887E-003
   5.4454881416833571E-002
  -8.1471102191816649E-003
   9.6567890617236703E-003
   1.7583369594168129E-002
  -4.1956499350941916E-002
  -3.4098530066760929E-003
   2.9625682573205071E-002
   6.6920499560475771E-002
   7.7211045535339515E-002
   3.3696839913621511E-002
   5.2779774806211996E-003
   6.9535877270400892E-002
   6.4393629020693482E-002
  -9.5677257646962541E-002
 -0.11374854649147706     
   2.4017273560004572E-003
  -8.1944336162095108E-002
  0.41426852979535045     
  -5.3050492455728050E-002
  0.31798680697291742     
 -0.44396347146224518     
  0.26088291623270687     
 -0.58515263260236972     
  -5.3925493361711443E-002
 -0.16391838793417662     
 -0.12503605815107730     
   3.3881874254746099E-002
  -5.3779600716753320E-002
   4.5630425768419400E-002
  -1.8468535311806214E-002
  -1.2443334927270653E-002
  -3.4834408105752661E-002
  -2.8910767950669783E-002
  -5.9830881092440722E-003
   4.5274803072296761E-003
   3.2824759959971625E-002
   3.3782156323427938E-002
  -5.3690050281247147E-002
  -1.0526210329413407E-003
  -9.9114946110706089E-003
   2.5343217023275921E-002
   7.5564639198230114E-003
   3.4205252123010142E-002
   1.1058321057954738E-002
  -8.6514689253431344E-003
  -5.2332580912702695E-002
  -3.5563463490076115E-002
  -5.1970985383416435E-002
   5.3785129591568791E-003
   4.1051385736286588E-003
  -2.4795823695917880E-002
  -4.6531342746357847E-002
   3.3227781255232673E-002
  -3.8160538600777727E-002
  -3.5102827844236878E-002
  0.12483493830690190     
  0.30752782691088237     
 -0.53342684819396147     
 -0.45316598115190521     
  0.12105738105415023     
   1.3607963997812288E-002
   5.0956907255176459E-002
   2.2893026953953774E-002
  0.21424583078461878     
  -7.6941167983986272E-002
 -0.16672223503523692     
  -7.3666050989986478E-002
   6.2903282526935750E-002
 -0.27279106304388445     
   8.0158941169986703E-002
  -9.6297624101653073E-002
  -5.4645590763492409E-002
  0.15413529069839721     
  0.17936212306056534     
  0.12458722282693988     
  0.11830241085394351     
  -6.4248227492124639E-003
  0.23889117078871661     
   1.5298858635551025E-002
  -1.3508415916558656E-003
   4.4406958918245767E-002
 -0.15071552186869330     
   1.4945809650307292E-002
  -9.4286409498568688E-003
   5.1752591938345041E-002
   9.9276998595453678E-002
   3.2388251346604030E-002
   6.2702478331536277E-002
   3.1149491612741716E-002
  -1.6682974512521737E-002
   8.3822966534813515E-003
  -4.4281155983649616E-002
  -7.6595394042897544E-002
  -1.7902476354112649E-002
  -6.4555901595805413E-003
  -5.2199227717472541E-002
  -5.1405051069456788E-002
  -2.0260630555789087E-002
   1.7710835671326777E-002
 -0.19474607692325432     
  0.17009329702113377     
  0.20779293514265609     
  0.40663017918665750     
  0.18567263048426280     
  -8.5987464788272308E-002
  0.14805555473288259     
 -0.20227225437160715     
 -0.12385590559861741     
 -0.20088015009932025     
  -7.2194348459374696E-002
 -0.21586619471524218     
 -0.19883573437144481     
   7.5603924577004752E-002
 -0.44911395825183548     
  -8.7659050409982717E-002
   3.1977819364068565E-002
  -7.3347038002285619E-002
  0.19149449810719524     
  0.14173429100866006     
  0.19862658131485147     
  0.19968622579502723     
  -5.2889395026682114E-002
 -0.20720429200036614     
   2.5185898697609243E-002
  -5.0334710337382967E-002
  -2.6775788938901503E-002
 -0.14181635165280521     
   8.4798790282532538E-002
  -1.1988105003309525E-002
   3.8470184781635636E-002
   7.5914634725936264E-002
  0.11663828913448686     
  -3.2998709334721300E-002
   3.8343229515776664E-002
  -2.1508135734018195E-002
   3.4254557311542574E-002
  -1.6144409702843514E-002
  -3.8420633997049120E-002
   1.6696857024098226E-002
  -4.0883044332180721E-002
  -1.6457975070202325E-003
   3.8467481437032228E-002
   2.3338388983972728E-003
  -2.0805576813775046E-003
   4.7697985788438181E-002
   2.3740013860076278E-002
 -0.11120835408464368     
 -0.19925823985170582     
  0.31481623696544236     
   3.4582065236502660E-002
 -0.16440451042595597     
 -0.16130278177693441     
 -0.26681465685925326     
  0.30739715983679866     
  -8.3210850931984701E-002
 -0.33159624024545137     
 -0.29228871365521553     
  -9.0077715055652791E-002
   5.5465908018137160E-002
 -0.25169729969516413     
  -8.3821127857218847E-002
  -8.6158054081812291E-002
  0.11183932181405488     
   8.2318352229074909E-002
 -0.46235933796068507     
   9.8097915083624018E-002
   5.8644160607850139E-002
  -4.0710967879297670E-002
   4.6556500647686676E-002
  -5.7404347661792351E-002
  -1.5557139196745966E-002
  0.17741106233322937     
  -8.4350394836100309E-002
  -1.1593288127855086E-002
  -5.8868384127283617E-002
  0.14981088090871569     
  -3.1534280141925948E-002
   4.1048543992295281E-002
   4.5603566782127139E-002
   7.4302977571128109E-002
   1.9478381175879231E-002
   1.4434528766211934E-002
  -4.0258920693331457E-003
  -8.3407890603596768E-002
   6.9259959268629878E-002
   3.2664537522522713E-002
  -3.9616654408662709E-002
  -2.3169431506503007E-002
   1.2686152659545842E-002
  -4.2448638399202279E-002
  -1.1017971342536058E-002
   4.8305545743441432E-002
   5.2001756619328460E-002
  -1.1663942812867822E-002
  -6.5346225091810336E-003
 -0.10721763857178754     
   7.0416010885975709E-003
   3.7183527941096486E-002
  0.18343537860393899     
  0.14082616788427174     
 -0.12163827223727394     
   2.8543547429965649E-002
   6.6039304362448578E-002
  -5.0071337036548508E-002
   6.3888700051177791E-003
   8.4205323291632453E-002
 -0.52274197085226659     
  0.18009040482985350     
 -0.64220738550672862     
  0.15801578058190113     
  -7.8714528720120275E-002
   4.1999834401098019E-003
   9.6172003732475350E-002
  -1.0125634381684271E-002
  -7.2213133960556157E-005
   4.5358020275350866E-002
  0.18456517105512152     
  0.20465618806225244     
   4.1688982222596857E-002
  -6.3579917657238028E-002
  0.13426812541276048     
   9.2898766946672515E-003
 -0.14067610249229534     
   2.6876854799464122E-002
   8.9953945371196321E-003
  -1.1930700198519072E-002
  -2.4786080671786746E-002
  -2.4821298889148441E-002
  -7.7792684125663984E-003
  -7.4453123688350605E-003
  -7.5565446548693141E-002
  -1.8997209209654774E-002
   1.4566552099064232E-002
  -1.5161442760876427E-002
 -0.10575763155874615     
   8.9245271268828100E-002
  -7.3858671715126389E-002
  -3.6803721017646604E-002
 -0.20987837062856901     
  -5.2894838343545053E-002
 -0.10201503849285662     
 -0.25041564892995977     
 -0.31589263590600081     
  -9.1281723398349127E-002
  0.10228298383713824     
 -0.12946877738237125     
  0.48754722506932041     
  0.31189235685446315     
  -9.2064308315008711E-002
 -0.32410474483868928     
  0.10735101411624712     
  0.26844175688159588     
  -7.1903825289040199E-002
 -0.17891209289870214     
  -6.8683618827418053E-002
  0.20096052795815250     
   3.1845113830622995E-002
   9.3214289375200571E-002
  -6.5972373561827544E-002
  -1.4677276827018448E-002
  0.14303875803938729     
  0.13489523353775137     
  -7.4804475306499377E-002
   5.3366807464151220E-002
  -8.6900516731163266E-002
 -0.14337826050651709     
   7.2491715377765928E-002
   3.1267965085890304E-002
  -2.5293568442554090E-002
  -3.6906828212787484E-003
   6.0780545404894394E-002
   1.5226024089518262E-002
   2.6222273970197885E-002
   3.1670702368515859E-002
  -3.1444385477129320E-002
   1.2524062554395466E-002
   9.8709800792011766E-003
  -5.9839142374661430E-003
   2.3442642248379723E-002
   6.8060458439318933E-002
  -1.5552312467857005E-002
  -1.1272202655907044E-002
 -0.11220065596670277     
   5.3409517297697495E-002
  0.11307332439101937     
  0.14734825002542912     
  0.41380757460525824     
  0.22437292495289007     
 -0.35764384560733442     
  0.40678729591376350     
 -0.14981810447908758     
 -0.13284445556294203     
  0.43296762606283817     
  -7.0654774855993849E-002
 -0.16039350193418067     
   6.5486357969520806E-002
 -0.11905348920087661     
  -2.0422973898179191E-002
   9.1564727708697904E-002
 -0.29477217403277606     
   5.1980278208046654E-002
   4.7739713974542908E-002
  -1.4911156814985404E-002
   1.8830171022115115E-003
  0.10543943334835328     
  -1.5695418886684482E-002
   6.4948618716252904E-002
   2.0839168857557867E-002
  -4.7083147990645779E-002
  -3.6094362447466936E-002
   6.2216571957608303E-002
   7.9362595514263792E-002
  -2.5052757143193754E-002
   4.2142456757836956E-003
 -0.12110382009975437     
  -7.6687435533630472E-004
  -5.1205585125043973E-002
  -6.3580107487501022E-002
   4.9659321773241144E-002
   3.2644628034299773E-002
  -6.0264387707941069E-002
   4.8464661167826918E-002
  -8.0138772381101366E-003
   1.1878564234987066E-002
  -9.2994920876744103E-002
  0.11945949973551563     
   7.5020383894211479E-002
   2.8964806002617006E-002
   3.2017470024609959E-002
   3.3645947635456818E-003
   5.4977144383065508E-002
   5.4284231279766844E-002
   9.9684829816611809E-002
   5.6490304949382057E-002
  -7.2009972555770130E-002
   1.3482699934915961E-002
 -0.18973303983046003     
   8.1936466186459292E-002
 -0.27211885778208805     
  0.13181783355917956     
 -0.60266260233563773     
  0.18749254826276060     
 -0.42949104895056822     
 -0.35362023092733064     
 -0.12639368227624964     
   2.7328105074490912E-002
  -9.0958999115872088E-002
  -2.2750402548202080E-002
   5.0485987860617774E-002
  -4.9133643054317812E-002
  -2.7265970149275734E-003
  0.13822127109554597     
  -2.1458846235610087E-002
   2.2131996750901408E-002
 -0.11558472730423049     
 -0.14272483792307813     
  -1.0857949820028025E-002
  -1.5683516792277103E-002
  -1.0145917279078041E-002
  -4.4632526708842338E-002
   7.4725414426420602E-003
  -6.6787638746028588E-003
   8.1931969951342162E-003
   5.6944006906447395E-002
   1.1776860322367379E-002
  -4.9212341153404435E-002
  -6.2065195040487205E-004
  -4.1928300345035384E-002
   3.9136508326793759E-002
   2.0193963648826099E-002
   3.6725232548274804E-002
 -0.16360585076408210     
  0.12285742238033215     
  -7.1785079170871832E-002
  -4.2596946400635851E-003
  -7.1933710131497727E-002
   5.4615366799720511E-002
   3.1886156671774440E-002
  0.17091836069068328     
  -9.0169819175452387E-002
  0.32413429428054541     
  0.31438755174375005     
 -0.10662568212857804     
 -0.46229633236921147     
  -5.3757499838421466E-003
   9.0218642818150147E-002
 -0.38932692754280696     
 -0.21281707912000869     
  0.26116457728123943     
 -0.35895024407575388     
   6.6136404407945298E-002
  -8.9703420298263933E-002
   4.6997018520205630E-002
  -3.4404598555805868E-002
  -2.3449767509569692E-002
  -2.0326040113381291E-002
   1.9286287524259694E-002
  0.12780957384306724     
 -0.12728048392910166     
  -2.7302059840455646E-002
   3.0363277090187022E-002
  -1.1879936355032542E-002
 -0.11097060639208094     
  -9.0024848666180809E-003
   2.1647358865874270E-002
   8.7696385415845009E-003
   6.1344512938424495E-002
   9.2660989124418915E-003
  -2.0907532262071770E-002
   6.9184175117635478E-003
   4.7654554894773049E-002
  -4.4691873568698023E-003
   1.5322116964018768E-002
  -1.7264317060477825E-002
  -1.5276067381339837E-002
  -4.3138974647996941E-003
  0.13771555756001869     
  -5.8179667688556161E-002
   5.1586640969359228E-002
   8.5347164627151959E-002
   5.1856755028109082E-002
  0.13087061564667041     
  0.16265330789959268     
  0.20562291333363447     
  -5.9770831426078613E-002
   5.0421612945788771E-002
 -0.24306386082250003     
 -0.17345976812945649     
 -0.25785950635044613     
 -0.12025956475277026     
  0.65704348724429873     
  0.37015553761417452     
 -0.13300981187174402     
 -0.22310950127477522     
  -4.8909857588639416E-002
   3.9517061142162239E-002
 -0.14045383592754815     
  -1.5021177969987063E-002
   6.4509316144003362E-002
   4.5694272702640246E-002
  -1.7201129194482784E-003
   8.4439434106592173E-002
  -1.8626802198621374E-002
   2.0544550383894411E-002
  -9.1544213030395491E-002
 -0.10524783212901404     
   2.1651896593603573E-002
  -1.2743806173898005E-002
  -1.9508321102574935E-003
   3.2955439629207654E-002
  -2.8540410875990688E-002
   3.7511644399056440E-003
   1.1798274301236568E-002
   1.0744137366502069E-002
  -1.0349469872472019E-003
  -1.8339414741542919E-002
   2.3426299165057108E-002
   6.8522980331615401E-003
   3.4674419044733798E-003
   5.6374912484190949E-003
   1.7580544734023398E-002
   1.5096049214811908E-002
   4.2646961087427548E-002
 -0.11787965423315497     
  -7.1768400064605040E-002
   9.4487224107319065E-002
  -7.3527570531928040E-003
   9.9793074828645661E-002
 -0.18552167006626344     
  -8.6382105282015550E-002
  0.25478482191962970     
   8.8677198068197655E-002
 -0.10128437640782016     
 -0.11394132684496305     
  0.17026802679564848     
  -9.6924961848252750E-002
  0.20204824763136894     
  0.64812242063340675     
 -0.19908240680957939     
 -0.37220338456416718     
   2.8700816809021753E-002
 -0.10251558970326179     
   7.3361499585364864E-003
  -2.7544158322799862E-002
   5.3999569993231225E-003
 -0.12938745960473297     
  0.14095595581054401     
 -0.15698968489126561     
   6.8786639772182898E-002
 -0.13007010342923969     
  0.18454623155346947     
   3.3636447784413805E-002
  0.10564663353120171     
   1.4552342754827759E-002
  -2.4781113324666044E-002
   2.5771654249178162E-002
   9.1866368313584142E-003
   6.7363966038520261E-003
  -2.0113531850192674E-002
  -2.8105021527626817E-003
   3.1291082692937275E-002
  -4.8851583348342156E-003
  -3.7044347721569646E-004
   1.9563421544085677E-002
  -5.1185882267773750E-003
  -4.7812323414250957E-002
   4.8276157750124289E-002
  0.15634875964451217     
  0.20571537930353462     
  -2.8084292834948919E-002
   4.4763469771131548E-002
  -2.7459485815042203E-002
   6.3348864391587706E-003
  -8.0412007363330526E-002
  -2.8387633108400596E-002
  -1.6204826125195124E-002
  -8.6164023607358267E-002
   7.3754917298505035E-003
  -5.9084168749466565E-002
 -0.10094678597489046     
  -2.1877876409326501E-002
   8.5300314147368397E-002
   1.8313683519958488E-003
   7.6358722738396195E-002
   1.3316854864336603E-003
 -0.21985958253805685     
 -0.11622188789702359     
  0.75047293263136949     
 -0.31439250231976057     
 -0.15418586871046958     
   3.5340740713258427E-002
  0.11529739256539132     
  0.15232661577675874     
  -7.4611795697981140E-002
  0.11408743096001520     
  -1.0150614169580208E-002
  -5.6518354016944286E-003
  0.24222273590803420     
  0.12823430139737657     
  -2.9642658844397974E-002
  -1.1551693562381529E-002
   4.6725068496576115E-003
  -5.0189610054416937E-003
  -5.2939978660940584E-003
  -3.9327730665788220E-005
   1.3687737463895268E-003
  -1.6538676698292343E-002
  -4.3940772661400984E-003
  -5.6749595678750294E-003
  -7.5366592487116175E-003
   5.5250984999826768E-003
   7.1671859694493675E-002
  -2.1696784299720381E-002
  -2.6179327522948371E-002
   1.2709838234465897E-002
   1.5112231298076205E-002
   3.3285957750684408E-002
   4.7716231130393492E-002
   4.4518411298122680E-002
  -2.9400667619208096E-002
   3.4225681916854864E-002
  -3.4089568409001472E-002
  -4.9321316294020777E-002
  -3.4304314176516804E-002
   2.5918792426759912E-002
   2.7165862560075679E-002
   3.9130273308805544E-002
  -4.0144907107999811E-002
  -7.0015103000051732E-002
  -6.5390674875732455E-002
   8.6691047308035951E-003
  0.51385103449133351     
 -0.21821578320337207     
 -0.69216803922209547     
 -0.12914690958401487     
   6.1453965136880978E-002
 -0.17024972557861276     
   3.6100921423347372E-002
  -2.2514392694869743E-002
 -0.22740197584613028     
   1.3085528354668837E-002
   8.7974850527218755E-004
  -1.9720321965500331E-003
  0.26977107300651615     
  -6.5122000415595172E-003
  -1.4645677129592354E-002
   1.2170486083750856E-002
  -6.4025104167617704E-004
  -3.4364133765643554E-002
   1.1298233929132699E-002
   3.9992156246541219E-002
  -1.5808307165469260E-002
  -7.1494407750085686E-003
   2.5892022288489468E-003
  -8.0484736494097035E-003
  -4.8681085741421770E-002
  0.11427021586244042     
   9.9279331781312652E-002
   2.3466571315855392E-003
  -3.7765544437799989E-002
   3.9068432009121391E-002
  -4.1376696575165947E-002
   1.3757439323247987E-002
  -1.9007179926273998E-002
  -5.4750756653128646E-002
   5.2530121630369200E-002
   3.9409344876035774E-003
  -1.9829647170787466E-002
 -0.13454687299841755     
  -8.4635251963819838E-002
  -1.4420932434321498E-002
   5.3621797567317372E-002
   5.0573180654478578E-002
  -2.4818859749792871E-003
 -0.10836454837916114     
 -0.32753779033503888     
  0.61280987469888437     
  0.14475173920623235     
  0.46664468117966434     
   4.4478957746277815E-003
  0.26634348693307586     
 -0.11496321874634267     
   7.8624203614364743E-002
  -9.8703942631322636E-002
 -0.19382133451550754     
   1.7710486364588945E-004
  -1.3558142127140730E-003
   8.3416574569566762E-002
 -0.22464560901559977     
  -2.0273490602848169E-002
  -1.0297279206906153E-002
   1.8602660656318229E-002
   1.9926140116777857E-002
  -2.8044455858497672E-002
   9.8067707507546505E-003
   5.8287550014434447E-002
   1.5147880008967114E-002
   2.9070058252932428E-002
  -1.1369573225678997E-002
   4.2492006716900704E-002
  -8.6534778563583853E-002
   7.0145588962583577E-002
  -9.8607979937397852E-002
  -7.5244419377811400E-002
   1.2193262849777935E-002
   4.6205471070059805E-003
  -2.2729106416152497E-002
  -1.8971458598743947E-002
  -8.4310826098266817E-003
   4.4636087652681462E-002
  -2.2245844229836450E-003
   5.0827586506841813E-002
   9.9420887683829229E-002
  -6.9637205981390171E-002
 -0.11057595685781835     
   3.5810767431621197E-002
   7.7999014816065330E-003
   1.0876736520129760E-002
   2.7228553811926515E-002
   6.5826517844019246E-003
 -0.38587748384198106     
 -0.13351130018643428     
 -0.20793836302528382     
   8.7536216396518748E-002
 -0.79393854599053559     
 -0.13457654106721667     
   3.3460203650811197E-002
 -0.11771043903024021     
  -3.5841751860738118E-002
   4.0566000614385145E-002
   5.5395718279401549E-003
   1.0600548090730489E-002
 -0.12657042436029559     
   4.9382903149687248E-002
 -0.16302637620234625     
  -1.8229591211657181E-002
   4.0563901615385031E-003
  -2.0193385672827038E-002
  -3.9696093445344430E-002
  -1.4563806240637019E-003
   2.0811730352589358E-002
  -3.5030027193424997E-004
   2.1633455377735204E-002
   1.7326905924068357E-003
  -4.4172504467699533E-002
  -9.7959756119362154E-003
  0.13877058177919116     
  -6.5465769753887432E-002
  -3.7324831990618708E-002
  -2.3438834451987547E-002
  -2.0645891062909170E-002
 -0.12678564715247936     
  -8.1349446731472957E-002
   3.4649613722692603E-002
  -1.9053122722503514E-002
  -2.8006643289102708E-002
   4.3399609043570764E-002
  0.11151439759696939     
 -0.15688650865811979     
 -0.17226300080875317     
  -5.8481491835514370E-002
   2.8037668270476428E-002
  -2.9599698873966445E-004
   5.1059022124626430E-002
  -9.7466594408118726E-003
 -0.65797573110794605     
 -0.10755786409517989     
 -0.16753737187128359     
 -0.16496782216357345     
  0.50765902533349561     
 -0.24536049934271628     
   5.1546948952913590E-002
 -0.10656600254853844     
  -8.5950019571431849E-002
   4.2525425482371676E-002
   3.9148357317905294E-003
   8.5022632568743973E-004
  -9.8295754368231278E-002
   5.8248450826485686E-002
  0.11942863972988602     
  -1.4173991027655937E-003
  -1.3881847090474585E-002
   8.8542666936884395E-003
   8.4349739321458554E-003
  -5.1723147913045340E-003
  -5.1532491389851907E-002
  -3.8674649278667164E-002
  -1.2970575511591033E-003
  -1.8784922959978776E-002
   1.1383510521593218E-002
  -5.3024727440768804E-002
  -6.4575077404717643E-002
   2.1546646392254412E-002
  -3.0923303957973484E-002
  -1.0601477629625560E-002
  -9.3234937304777273E-003
  -1.5152598204970084E-002
  -2.0736532967647502E-002
   1.0006051210453336E-003
   6.4546357424996722E-003
  -2.3638609309405956E-003
   1.4634906880034786E-002
   8.6132597931765659E-003
  -4.4533325167372073E-002
  -1.5243751554952943E-002
   2.0545777529691639E-002
  0.17821742877372804     
 -0.18212999260977622     
 -0.24542072431129505     
 -0.14889532162260438     
  -9.5824613884434480E-003
   5.8670647868470510E-002
  -3.6591337723631726E-002
  -9.1316449594649546E-002
  -1.6657637841390311E-002
   3.2310814546015379E-002
 -0.27584224594133749     
   3.4070787558511971E-002
  -3.2245675616170408E-002
  0.57902155223792129     
  0.58694406472233662     
   4.8994146193397682E-002
   1.3559638680778972E-002
 -0.24500825698156672     
   1.4795995112866618E-002
  -2.2427258834537712E-002
  -2.4394924493093295E-003
  -3.9641536491947085E-002
   3.1197822656081314E-002
  -4.2851228129923452E-002
   4.8667783917175564E-002
  -2.1076223775480952E-002
  -1.2917597215645780E-002
  -2.7726058574705292E-002
  -1.7213434065770670E-002
   1.5326582542860569E-003
  -1.8489035431028478E-002
  -5.1328349340498076E-002
   6.1220997076762311E-002
   5.7124693453340803E-003
  -8.6239181651046725E-003
   1.9491304667324072E-002
   6.5465908636202722E-003
  -1.8631349953894705E-002
   1.7080633090438065E-002
  -1.2071971392255713E-003
   2.3208012270423361E-002
  -3.0966502435672751E-002
 -0.10871491742670196     
  -1.3757225748479861E-002
   2.5996975456893893E-002
 -0.21478288964873499     
  0.10775664038403127     
 -0.22148091427297598     
 -0.18177679763046647     
  -1.8425220605484526E-002
   5.9552189041192853E-002
  -8.2615465473377558E-002
   6.7050142189973960E-002
   1.1805434398679756E-002
   2.0021015763378260E-002
 -0.27836405639389006     
 -0.18313034183414303     
   2.8331422847159171E-002
  0.46821403767673070     
 -0.54598165534745369     
  -5.8418710119607663E-002
  0.37471617713977934     
  0.20094327893989855     
  -7.1067604989497601E-003
  -1.4245842077545739E-005
  -1.9610533794030025E-002
  -1.4867216072171859E-003
  -4.5083425421991084E-002
   5.0013068046623624E-003
   2.4551136955832779E-002
  -1.3592429834946287E-003
  -7.5646763352500368E-002
  -4.0026760152172575E-002
   9.0286206303116113E-003
   4.9566725310095329E-003
   3.0916958293314891E-002
  -8.1061698856638425E-003
   2.5535004841817643E-002
  -2.9189854050319869E-003
   9.7489948012870337E-003
   4.4827477398954041E-003
  -3.8915969218256282E-003
   5.2883202825072584E-002
   5.9816859745918063E-002
  -4.2042356052660018E-002
   1.1782550890074458E-002
  -4.4199717251165602E-002
   4.7889118842163500E-002
   3.5018376075616489E-002
  -9.0803603788373849E-002
  0.24293072144639499     
  0.22714069736056930     
   1.9437372033871168E-002
 -0.18628042960003460     
   2.8317101203604127E-002
   4.4737577151282799E-002
   8.6018583821801831E-002
   1.4385596418125795E-002
   1.4202541227879402E-002
   8.1141539023291701E-002
  -6.4533599742310543E-002
  0.35768302430100196     
  -7.2756727457609874E-002
  0.27869885804994349     
 -0.29417400025087237     
  -1.0370470920180199E-002
 -0.69839017070018206     
  0.11557465867383251     
  -2.5043394034403033E-003
   9.6815442156371117E-004
  -6.7990546004252916E-002
  -2.9006629849982736E-002
   5.0875291916181238E-002
   7.7313076251879741E-003
  -8.1902334667429716E-002
  -1.6321489464430995E-002
  -2.1377243919318976E-002
  -1.4090440840306438E-002
 -0.12189783789317758     
  0.15615063813355745     
   1.1035544689674161E-002
   3.4864772145365645E-002
  -3.0444570198105460E-002
   9.3445482521704003E-003
   2.7179412336734873E-002
   1.5341519859338420E-002
   1.0976510955267050E-002
  -4.9838242215239290E-002
   4.5219241008745782E-002
  -2.3255798493164212E-002
  -8.6050050026324288E-004
   4.1589321449421721E-002
  -1.4713339527675553E-002
  -4.4673265988770340E-002
   6.2214147723459116E-002
   2.9780915464138549E-002
   3.0108252075937043E-002
  -9.2596673242895163E-003
   1.4955149291600344E-002
   1.4168256494238182E-002
   1.0438018319624735E-002
   4.8660394054181131E-003
   4.3034512602648685E-003
  -7.0837574447196426E-003
  -2.1260126109345082E-002
   7.5259662322454905E-003
  -2.8124267098086974E-002
  -8.4987438104903543E-002
   3.8873332993285317E-004
   8.3757328300328990E-002
 -0.95129171631229470     
  -2.6176862565882413E-002
   1.0842646076405003E-003
  -7.0717779076637191E-002
  -1.8125678229878026E-002
  -7.1329202430465994E-003
  -1.0096740563930741E-002
  -6.4186336573219413E-002
   6.2242683827072208E-003
   5.1423212439704373E-002
  -3.1423699083607530E-002
   3.0979521640468372E-002
   2.0377810427900749E-002
  -2.1626942094983923E-002
   5.6416324473007023E-003
  0.12430978288164805     
   1.5029069604707025E-002
  -4.0343431413666364E-002
  -4.7148474042326319E-002
   3.5708636679134827E-002
  -6.6161874744797941E-002
  -4.5174447678229680E-002
  -7.0922760005728863E-002
  -1.9161561369906981E-002
  -6.9181344539280057E-002
  -1.8904315692395191E-002
   2.4796416829048602E-002
   1.9829116798222232E-002
  0.16428018690157656     
   7.9102589930332798E-002
  -6.7917552786681365E-002
  -9.7240130927219157E-002
  0.12282898662733659     
 -0.23044224548247785     
 -0.19141521343768250     
 -0.14371448382278518     
  -6.2281349358855834E-002
  -5.0647092968616754E-002
   8.8686892175490126E-003
  0.34408284411773166     
  -2.3337386249418109E-002
  0.15516748310305356     
  0.78665355200379516     
  -1.6556894515508510E-002
   2.2193055154702528E-002
  -9.4173635073404219E-002
   7.7392287222742421E-003
  -1.2020108459384978E-002
  -9.1469491760412594E-003
   5.0669694314825651E-003
   9.0490813805441037E-003
  -4.8589082069183673E-003
   6.4453098615762398E-003
   8.4253850652298463E-003
   2.7785909766450897E-002
   8.9913495916510364E-003
  -2.6567761756579877E-003
   1.6434647085618096E-002
   1.0204680548551731E-002
   1.9654006716114183E-002
  -7.8232807313311503E-003
  -2.0047365468406225E-002
  -1.6960547436045019E-002
   1.0516842453622544E-002
   1.9561654245179205E-003
   1.3404171680131388E-002
   1.3099647912085280E-002
   2.2353923251308951E-002
  -2.1378773851163033E-003
  -3.2499942665928504E-002
  -7.6709454801087082E-002
  -3.2004708633234867E-002
 -0.13697997927931421     
  0.11967591201752320     
   2.3233999558818507E-002
  -4.5644038752444840E-002
   9.7539144739914790E-002
  0.12183620445716263     
  0.10115767471053039     
   1.7340561898563294E-002
  0.23222533702060183     
  -7.9347139945620385E-002
 -0.27241397330651324     
  -3.7403220753018870E-002
  -8.9639397904769068E-003
  0.51601920060886530     
  -8.9012749076812711E-002
   5.5902044400123210E-002
  0.28269087131196463     
 -0.22875315552606604     
  -1.4624560133018487E-002
  -2.1244929939254848E-003
 -0.60626006219665751     
  -6.7826565392334282E-002
   1.1929771186164772E-002
  -7.5361515336711902E-003
  -2.1907041354461032E-002
   9.1767704673143911E-003
  -2.3144128405098142E-002
   2.5445124344737544E-002
  -1.9697159000117864E-003
  -1.3880685087178093E-002
  -2.9099822453116344E-002
   1.5963779057558993E-002
   7.7598261520272585E-005
   8.2841700312622658E-003
  -7.6841429208530697E-003
   7.8929563401284285E-003
   1.1741047190585260E-002
   3.0108895119392232E-002
  -2.7335101992898857E-002
  -1.1758148067281291E-002
  -2.2478120983787575E-003
  -7.8544551296013017E-003
  -6.1410678569766938E-002
  -6.4672654548149106E-002
  -1.5926001285932866E-002
   8.9024550427185073E-002
 -0.14179068384198049     
  -3.0257314235206657E-002
  -9.6875791950401052E-002
   7.6424462719923772E-002
 -0.11191880991003944     
 -0.13148235386502122     
  -1.9121898879559354E-002
 -0.26580461035590036     
   9.2107959994175939E-002
 -0.22212732685738831     
  -4.6706552055522335E-002
  -7.5631621077679373E-002
 -0.52512233865211377     
   6.6976013750479207E-003
  -5.4724727358219857E-002
 -0.31152577084079153     
 -0.20692681338378702     
  -1.9077290165883519E-002
  -6.4658655914434607E-002
 -0.59349557078746429     
   1.3830011849269318E-002
  -8.8917073893665446E-003
  -4.9810824739846481E-004
  -2.9214371044480924E-003
  -1.3325950825181898E-002
   4.4605258905354188E-003
   7.0596185662485109E-003
   8.1865089719305902E-003
   4.2494372919307452E-003
   9.0046579955719522E-003
   7.1766920097397213E-003
  -3.1290063876195755E-002
  -2.0043537005975862E-002
  -1.5511828131245624E-002
   4.6740665258531461E-002
  -1.8250816791657975E-002
  -6.0517997732809914E-002
  -7.1939046414384519E-002
  -6.1419565640366165E-002
   9.1172225013348138E-002
  -6.0655750709041820E-002
   4.0943483308520006E-003
   1.2107189702194527E-002
  -6.8915244358600330E-002
   1.7363852712285206E-002
  -5.4299296322843464E-003
   2.2241509897541110E-002
   2.2486029759937712E-003
  -1.1833575059545800E-002
  -1.0471213372894190E-002
  -1.1790078263718102E-004
  -3.8541403707242866E-003
  -2.4386912578513775E-002
  -3.7048458811330723E-003
  -1.4482564402733350E-002
  0.19386770573953352     
  -1.3490309474548670E-002
  -4.5178825280288652E-002
   1.0570716765162779E-002
  -7.5109299388803783E-003
  -1.9893362744559568E-002
   2.1791136369604329E-002
   4.8446697922983541E-002
   1.1440565281409486E-003
   2.6513470126303364E-002
 -0.95915713660233204     
  -5.1884761953897201E-003
  -1.8085414268783566E-002
   1.0150258944025450E-002
  -5.1226976725577598E-002
   2.8252954033364849E-002
   4.2798406997398494E-003
   6.4304195441764874E-003
  -3.3775837331991562E-002
  -3.2550204842272182E-002
   1.1371956610078985E-002
  -8.4369984986359513E-003
   5.1740103486899162E-002
   9.5430821765046234E-002
  -4.8636522074266726E-002
   3.9750436683025282E-002
  -2.0075398021858057E-003
   2.8854624818221934E-002
   2.9071580965418647E-003
  0.30446401255910005     
  0.18518194191381335     
  -3.7239931931368410E-002
   9.4525473046466094E-002
  0.13003025712270658     
   7.5515783114835366E-002
   7.5373228080720542E-002
  -5.0605482257875575E-002
  0.18578120254453323     
  0.10988291444537497     
   7.6466616965489939E-002
  -6.4209632282082263E-002
  -3.9874078214914503E-002
 -0.13099780136116404     
 -0.29639218358077002     
   1.3265820914697636E-003
  -2.2363452284252079E-002
  -3.1576242785322110E-002
   5.7041645471661101E-002
  0.62606984305453839     
 -0.16819895383198058     
  -1.9094950338009311E-002
  -4.5692179296182391E-002
  -2.0972757166587454E-002
  0.46185184595854384     
  -6.7437664258303928E-002
   2.8830868597863077E-003
   3.2679331695146509E-002
  -6.1789629872783707E-003
   1.5434009978980491E-002
   7.8515897205086324E-002
  -4.6508681147764408E-003
  -5.6244867991825771E-002
   2.2460185348224630E-002
  -3.4982201228460692E-002
  -6.8960053756579537E-003
  -1.4092821745181363E-002
   2.3594186830399274E-003
 -0.19411490714972460     
  -7.6099760462847157E-003
   4.5571713544428960E-002
   6.5538079184460710E-002
  -6.2423302720562880E-002
  0.10663393240930238     
   7.2700456704176436E-002
  0.11502564986241831     
   4.1770382893724055E-002
   9.8074614151214573E-002
   3.3765558533564569E-002
  -1.4643252258610346E-002
 -0.11600356107478108     
 -0.31353210027490636     
 -0.10808394649526407     
   8.8206329941412351E-002
   6.3304499429812727E-002
   1.1722532978194289E-002
  0.16550497226164107     
   5.1713091816589042E-002
  0.24008902890003431     
  0.10368838171682163     
   7.9293625544896051E-002
  -2.0714378363440991E-002
 -0.58842207389981971     
 -0.10336416991216257     
  0.18089599899113881     
  0.51553177086550517     
   1.0303914747348000E-002
  -8.8385895521769751E-003
  -1.6926760722131631E-002
   1.3006673906430118E-002
  -1.0341898928789124E-002
  -1.5450527597383793E-003
