   3.1797742712356976        0.0000000000000000     
   3.1797742712356976        78.460845131157299     
   3.1797742712356976        78.460845131157299     
   3.1797742712356976        0.0000000000000000     
   3.2047742712356975        0.0000000000000000     
   3.2047742712356975        132.78021990870411     
   3.2047742712356975        132.78021990870411     
   3.2047742712356975        0.0000000000000000     
   3.2297742712356974        0.0000000000000000     
   3.2297742712356974        180.18124391036073     
   3.2297742712356974        180.18124391036073     
   3.2297742712356974        0.0000000000000000     
   3.2547742712356977        0.0000000000000000     
   3.2547742712356977        88.440405580911658     
   3.2547742712356977        88.440405580911658     
   3.2547742712356977        0.0000000000000000     
   3.2797742712356976        0.0000000000000000     
   3.2797742712356976        125.03295340441234     
   3.2797742712356976        125.03295340441234     
   3.2797742712356976        0.0000000000000000     
   3.3047742712356976        0.0000000000000000     
   3.3047742712356976        46.533261596818249     
   3.3047742712356976        46.533261596818249     
   3.3047742712356976        0.0000000000000000     
   3.3297742712356975        0.0000000000000000     
   3.3297742712356975        0.0000000000000000     
   3.3297742712356975        0.0000000000000000     
   3.3297742712356975        0.0000000000000000     
   3.3547742712356974        0.0000000000000000     
   3.3547742712356974        0.0000000000000000     
   3.3547742712356974        0.0000000000000000     
   3.3547742712356974        0.0000000000000000     
   3.3797742712356977        0.0000000000000000     
   3.3797742712356977        137.99906083664322     
   3.3797742712356977        137.99906083664322     
   3.3797742712356977        0.0000000000000000     
   3.4047742712356976        0.0000000000000000     
   3.4047742712356976        39.090955212377288     
   3.4047742712356976        39.090955212377288     
   3.4047742712356976        0.0000000000000000     
   3.4297742712356976        0.0000000000000000     
   3.4297742712356976        0.0000000000000000     
   3.4297742712356976        0.0000000000000000     
   3.4297742712356976        0.0000000000000000     
   3.4547742712356975        0.0000000000000000     
   3.4547742712356975        39.526588824272082     
   3.4547742712356975        39.526588824272082     
   3.4547742712356975        0.0000000000000000     
   3.4797742712356978        0.0000000000000000     
   3.4797742712356978        164.13667013829721     
   3.4797742712356978        164.13667013829721     
   3.4797742712356978        0.0000000000000000     
   3.5047742712356977        0.0000000000000000     
   3.5047742712356977        121.36936876827325     
   3.5047742712356977        121.36936876827325     
   3.5047742712356977        0.0000000000000000     
   3.5297742712356976        0.0000000000000000     
   3.5297742712356976        133.06918478049832     
   3.5297742712356976        133.06918478049832     
   3.5297742712356976        0.0000000000000000     
   3.5547742712356976        0.0000000000000000     
   3.5547742712356976        174.24567387743642     
   3.5547742712356976        174.24567387743642     
   3.5547742712356976        0.0000000000000000     
   3.5797742712356975        0.0000000000000000     
   3.5797742712356975        43.634473939773287     
   3.5797742712356975        43.634473939773287     
   3.5797742712356975        0.0000000000000000     
   3.6047742712356978        0.0000000000000000     
   3.6047742712356978        50.431675131840684     
   3.6047742712356978        50.431675131840684     
   3.6047742712356978        0.0000000000000000     
   3.6297742712356977        0.0000000000000000     
   3.6297742712356977        124.79020065852126     
   3.6297742712356977        124.79020065852126     
   3.6297742712356977        0.0000000000000000     
   3.6547742712356976        0.0000000000000000     
   3.6547742712356976        0.0000000000000000     
   3.6547742712356976        0.0000000000000000     
   3.6547742712356976        0.0000000000000000     
   3.6797742712356976        0.0000000000000000     
   3.6797742712356976        46.418878700492016     
   3.6797742712356976        46.418878700492016     
   3.6797742712356976        0.0000000000000000     
   3.7047742712356975        0.0000000000000000     
   3.7047742712356975        172.84012269801576     
   3.7047742712356975        172.84012269801576     
   3.7047742712356975        0.0000000000000000     
   3.7297742712356978        0.0000000000000000     
   3.7297742712356978        44.984062720443362     
   3.7297742712356978        44.984062720443362     
   3.7297742712356978        0.0000000000000000     
   3.7547742712356977        0.0000000000000000     
   3.7547742712356977        0.0000000000000000     
   3.7547742712356977        0.0000000000000000     
   3.7547742712356977        0.0000000000000000     
   3.7797742712356976        0.0000000000000000     
   3.7797742712356976        44.194087567752440     
   3.7797742712356976        44.194087567752440     
   3.7797742712356976        0.0000000000000000     
   3.8047742712356976        0.0000000000000000     
   3.8047742712356976        0.0000000000000000     
   3.8047742712356976        0.0000000000000000     
   3.8047742712356976        0.0000000000000000     
   3.8297742712356975        0.0000000000000000     
   3.8297742712356975        0.0000000000000000     
   3.8297742712356975        0.0000000000000000     
   3.8297742712356975        0.0000000000000000     
   3.8547742712356978        0.0000000000000000     
   3.8547742712356978        40.353939058252088     
   3.8547742712356978        40.353939058252088     
   3.8547742712356978        0.0000000000000000     
   3.8797742712356977        0.0000000000000000     
   3.8797742712356977        0.0000000000000000     
   3.8797742712356977        0.0000000000000000     
   3.8797742712356977        0.0000000000000000     
   3.9047742712356976        0.0000000000000000     
   3.9047742712356976        38.684495730778252     
   3.9047742712356976        38.684495730778252     
   3.9047742712356976        0.0000000000000000     
   3.9297742712356976        0.0000000000000000     
   3.9297742712356976        41.501246055344076     
   3.9297742712356976        41.501246055344076     
   3.9297742712356976        0.0000000000000000     
   3.9547742712356975        0.0000000000000000     
   3.9547742712356975        54.171902144499576     
   3.9547742712356975        54.171902144499576     
   3.9547742712356975        0.0000000000000000     
   3.9797742712356978        0.0000000000000000     
   3.9797742712356978        132.45483458789073     
   3.9797742712356978        132.45483458789073     
   3.9797742712356978        0.0000000000000000     
   4.0047742712356973        0.0000000000000000     
   4.0047742712356973        45.722368119478965     
   4.0047742712356973        45.722368119478965     
   4.0047742712356973        0.0000000000000000     
   4.0297742712356976        0.0000000000000000     
   4.0297742712356976        38.703171689405124     
   4.0297742712356976        38.703171689405124     
   4.0297742712356976        0.0000000000000000     
   4.0547742712356971        0.0000000000000000     
   4.0547742712356971        121.95608043284571     
   4.0547742712356971        121.95608043284571     
   4.0547742712356971        0.0000000000000000     
   4.0797742712356975        0.0000000000000000     
   4.0797742712356975        0.0000000000000000     
   4.0797742712356975        0.0000000000000000     
   4.0797742712356975        0.0000000000000000     
   4.1047742712356978        0.0000000000000000     
   4.1047742712356978        43.903664478982634     
   4.1047742712356978        43.903664478982634     
   4.1047742712356978        0.0000000000000000     
   4.1297742712356973        0.0000000000000000     
   4.1297742712356973        176.79209464019661     
   4.1297742712356973        176.79209464019661     
   4.1297742712356973        0.0000000000000000     
   4.1547742712356976        0.0000000000000000     
   4.1547742712356976        43.489113878212571     
   4.1547742712356976        43.489113878212571     
   4.1547742712356976        0.0000000000000000     
   4.1797742712356971        0.0000000000000000     
   4.1797742712356971        41.207149771130119     
   4.1797742712356971        41.207149771130119     
   4.1797742712356971        0.0000000000000000     
   4.2047742712356975        0.0000000000000000     
   4.2047742712356975        82.619144126228946     
   4.2047742712356975        82.619144126228946     
   4.2047742712356975        0.0000000000000000     
   4.2297742712356978        0.0000000000000000     
   4.2297742712356978        38.480873765938853     
   4.2297742712356978        38.480873765938853     
   4.2297742712356978        0.0000000000000000     
   4.2547742712356973        0.0000000000000000     
   4.2547742712356973        0.0000000000000000     
   4.2547742712356973        0.0000000000000000     
   4.2547742712356973        0.0000000000000000     
   4.2797742712356976        0.0000000000000000     
   4.2797742712356976        49.723940115893917     
   4.2797742712356976        49.723940115893917     
   4.2797742712356976        0.0000000000000000     
   4.3047742712356971        0.0000000000000000     
   4.3047742712356971        0.0000000000000000     
   4.3047742712356971        0.0000000000000000     
   4.3047742712356971        0.0000000000000000     
   4.3297742712356975        0.0000000000000000     
   4.3297742712356975        0.0000000000000000     
   4.3297742712356975        0.0000000000000000     
   4.3297742712356975        0.0000000000000000     
   4.3547742712356978        0.0000000000000000     
   4.3547742712356978        49.108178538663921     
   4.3547742712356978        49.108178538663921     
   4.3547742712356978        0.0000000000000000     
   4.3797742712356982        0.0000000000000000     
   4.3797742712356982        0.0000000000000000     
   4.3797742712356982        0.0000000000000000     
   4.3797742712356982        0.0000000000000000     
   4.4047742712356976        0.0000000000000000     
   4.4047742712356976        91.216424829109201     
   4.4047742712356976        91.216424829109201     
   4.4047742712356976        0.0000000000000000     
   4.4297742712356971        0.0000000000000000     
   4.4297742712356971        48.850123902966480     
   4.4297742712356971        48.850123902966480     
   4.4297742712356971        0.0000000000000000     
   4.4547742712356975        0.0000000000000000     
   4.4547742712356975        90.379524199111714     
   4.4547742712356975        90.379524199111714     
   4.4547742712356975        0.0000000000000000     
   4.4797742712356978        0.0000000000000000     
   4.4797742712356978        49.831094138170243     
   4.4797742712356978        49.831094138170243     
   4.4797742712356978        0.0000000000000000     
   4.5047742712356982        0.0000000000000000     
   4.5047742712356982        36.847792093463966     
   4.5047742712356982        36.847792093463966     
   4.5047742712356982        0.0000000000000000     
   4.5297742712356976        0.0000000000000000     
   4.5297742712356976        0.0000000000000000     
   4.5297742712356976        0.0000000000000000     
   4.5297742712356976        0.0000000000000000     
   4.5547742712356971        0.0000000000000000     
   4.5547742712356971        0.0000000000000000     
   4.5547742712356971        0.0000000000000000     
   4.5547742712356971        0.0000000000000000     
   4.5797742712356975        0.0000000000000000     
   4.5797742712356975        85.103778582502159     
   4.5797742712356975        85.103778582502159     
   4.5797742712356975        0.0000000000000000     
   4.6047742712356978        0.0000000000000000     
   4.6047742712356978        0.0000000000000000     
   4.6047742712356978        0.0000000000000000     
   4.6047742712356978        0.0000000000000000     
   4.6297742712356982        0.0000000000000000     
   4.6297742712356982        77.931435265916377     
   4.6297742712356982        77.931435265916377     
   4.6297742712356982        0.0000000000000000     
   4.6547742712356976        0.0000000000000000     
   4.6547742712356976        89.373193296029683     
   4.6547742712356976        89.373193296029683     
   4.6547742712356976        0.0000000000000000     
   4.6797742712356971        0.0000000000000000     
   4.6797742712356971        40.872137966226028     
   4.6797742712356971        40.872137966226028     
   4.6797742712356971        0.0000000000000000     
   4.7047742712356975        0.0000000000000000     
   4.7047742712356975        54.454315037562274     
   4.7047742712356975        54.454315037562274     
   4.7047742712356975        0.0000000000000000     
   4.7297742712356978        0.0000000000000000     
   4.7297742712356978        133.64822984073641     
   4.7297742712356978        133.64822984073641     
   4.7297742712356978        0.0000000000000000     
   4.7547742712356982        0.0000000000000000     
   4.7547742712356982        40.136855292869136     
   4.7547742712356982        40.136855292869136     
   4.7547742712356982        0.0000000000000000     
   4.7797742712356976        0.0000000000000000     
   4.7797742712356976        0.0000000000000000     
   4.7797742712356976        0.0000000000000000     
   4.7797742712356976        0.0000000000000000     
   4.8047742712356971        0.0000000000000000     
   4.8047742712356971        102.06349855689075     
   4.8047742712356971        102.06349855689075     
   4.8047742712356971        0.0000000000000000     
   4.8297742712356975        0.0000000000000000     
   4.8297742712356975        49.224025945840850     
   4.8297742712356975        49.224025945840850     
   4.8297742712356975        0.0000000000000000     
   4.8547742712356978        0.0000000000000000     
   4.8547742712356978        0.0000000000000000     
   4.8547742712356978        0.0000000000000000     
   4.8547742712356978        0.0000000000000000     
   4.8797742712356982        0.0000000000000000     
   4.8797742712356982        49.204084761218823     
   4.8797742712356982        49.204084761218823     
   4.8797742712356982        0.0000000000000000     
   4.9047742712356976        0.0000000000000000     
   4.9047742712356976        0.0000000000000000     
   4.9047742712356976        0.0000000000000000     
   4.9047742712356976        0.0000000000000000     
   4.9297742712356971        0.0000000000000000     
   4.9297742712356971        90.103446854485298     
   4.9297742712356971        90.103446854485298     
   4.9297742712356971        0.0000000000000000     
   4.9547742712356975        0.0000000000000000     
   4.9547742712356975        0.0000000000000000     
   4.9547742712356975        0.0000000000000000     
   4.9547742712356975        0.0000000000000000     
   4.9797742712356978        0.0000000000000000     
   4.9797742712356978        46.643198800184152     
   4.9797742712356978        46.643198800184152     
   4.9797742712356978        0.0000000000000000     
   5.0047742712356982        0.0000000000000000     
   5.0047742712356982        0.0000000000000000     
   5.0047742712356982        0.0000000000000000     
   5.0047742712356982        0.0000000000000000     
   5.0297742712356976        0.0000000000000000     
   5.0297742712356976        0.0000000000000000     
   5.0297742712356976        0.0000000000000000     
   5.0297742712356976        0.0000000000000000     
   5.0547742712356971        0.0000000000000000     
   5.0547742712356971        103.41536527690310     
   5.0547742712356971        103.41536527690310     
   5.0547742712356971        0.0000000000000000     
   5.0797742712356975        0.0000000000000000     
   5.0797742712356975        0.0000000000000000     
   5.0797742712356975        0.0000000000000000     
   5.0797742712356975        0.0000000000000000     
   5.1047742712356978        0.0000000000000000     
   5.1047742712356978        96.729265663971631     
   5.1047742712356978        96.729265663971631     
   5.1047742712356978        0.0000000000000000     
   5.1297742712356982        0.0000000000000000     
   5.1297742712356982        0.0000000000000000     
   5.1297742712356982        0.0000000000000000     
   5.1297742712356982        0.0000000000000000     
   5.1547742712356976        0.0000000000000000     
   5.1547742712356976        118.01789576847536     
   5.1547742712356976        118.01789576847536     
   5.1547742712356976        0.0000000000000000     
   5.1797742712356971        0.0000000000000000     
   5.1797742712356971        130.95226868951153     
   5.1797742712356971        130.95226868951153     
   5.1797742712356971        0.0000000000000000     
   5.2047742712356975        0.0000000000000000     
   5.2047742712356975        87.540859104201587     
   5.2047742712356975        87.540859104201587     
   5.2047742712356975        0.0000000000000000     
   5.2297742712356978        0.0000000000000000     
   5.2297742712356978        78.962813642188394     
   5.2297742712356978        78.962813642188394     
   5.2297742712356978        0.0000000000000000     
   5.2547742712356982        0.0000000000000000     
   5.2547742712356982        38.357650054615036     
   5.2547742712356982        38.357650054615036     
   5.2547742712356982        0.0000000000000000     
   5.2797742712356976        0.0000000000000000     
   5.2797742712356976        94.394930956043481     
   5.2797742712356976        94.394930956043481     
   5.2797742712356976        0.0000000000000000     
   5.3047742712356971        0.0000000000000000     
   5.3047742712356971        0.0000000000000000     
   5.3047742712356971        0.0000000000000000     
   5.3047742712356971        0.0000000000000000     
   5.3297742712356975        0.0000000000000000     
   5.3297742712356975        116.81958620053760     
   5.3297742712356975        116.81958620053760     
   5.3297742712356975        0.0000000000000000     
   5.3547742712356978        0.0000000000000000     
   5.3547742712356978        82.215426714597925     
   5.3547742712356978        82.215426714597925     
   5.3547742712356978        0.0000000000000000     
   5.3797742712356982        0.0000000000000000     
   5.3797742712356982        40.496315864399499     
   5.3797742712356982        40.496315864399499     
   5.3797742712356982        0.0000000000000000     
   5.4047742712356976        0.0000000000000000     
   5.4047742712356976        76.706752800429513     
   5.4047742712356976        76.706752800429513     
   5.4047742712356976        0.0000000000000000     
   5.4297742712356971        0.0000000000000000     
   5.4297742712356971        0.0000000000000000     
   5.4297742712356971        0.0000000000000000     
   5.4297742712356971        0.0000000000000000     
   5.4547742712356975        0.0000000000000000     
   5.4547742712356975        0.0000000000000000     
   5.4547742712356975        0.0000000000000000     
   5.4547742712356975        0.0000000000000000     
   5.4797742712356978        0.0000000000000000     
   5.4797742712356978        0.0000000000000000     
   5.4797742712356978        0.0000000000000000     
   5.4797742712356978        0.0000000000000000     
   5.5047742712356982        0.0000000000000000     
   5.5047742712356982        0.0000000000000000     
   5.5047742712356982        0.0000000000000000     
   5.5047742712356982        0.0000000000000000     
   5.5297742712356976        0.0000000000000000     
   5.5297742712356976        111.81775209052969     
   5.5297742712356976        111.81775209052969     
   5.5297742712356976        0.0000000000000000     
   5.5547742712356971        0.0000000000000000     
   5.5547742712356971        0.0000000000000000     
   5.5547742712356971        0.0000000000000000     
   5.5547742712356971        0.0000000000000000     
   5.5797742712356975        0.0000000000000000     
   5.5797742712356975        49.752264829018564     
   5.5797742712356975        49.752264829018564     
   5.5797742712356975        0.0000000000000000     
   5.6047742712356978        0.0000000000000000     
   5.6047742712356978        124.51788461987869     
   5.6047742712356978        124.51788461987869     
   5.6047742712356978        0.0000000000000000     
   5.6297742712356982        0.0000000000000000     
   5.6297742712356982        0.0000000000000000     
   5.6297742712356982        0.0000000000000000     
   5.6297742712356982        0.0000000000000000     
   5.6547742712356976        0.0000000000000000     
   5.6547742712356976        130.39187350932605     
   5.6547742712356976        130.39187350932605     
   5.6547742712356976        0.0000000000000000     
   5.6797742712356971        0.0000000000000000     
   5.6797742712356971        0.0000000000000000     
   5.6797742712356971        0.0000000000000000     
   5.6797742712356971        0.0000000000000000     
   5.7047742712356975        0.0000000000000000     
   5.7047742712356975        0.0000000000000000     
   5.7047742712356975        0.0000000000000000     
   5.7047742712356975        0.0000000000000000     
   5.7297742712356978        0.0000000000000000     
   5.7297742712356978        40.523640455037238     
   5.7297742712356978        40.523640455037238     
   5.7297742712356978        0.0000000000000000     
   5.7547742712356982        0.0000000000000000     
   5.7547742712356982        127.37349718597559     
   5.7547742712356982        127.37349718597559     
   5.7547742712356982        0.0000000000000000     
   5.7797742712356976        0.0000000000000000     
   5.7797742712356976        40.774384000389652     
   5.7797742712356976        40.774384000389652     
   5.7797742712356976        0.0000000000000000     
   5.8047742712356971        0.0000000000000000     
   5.8047742712356971        0.0000000000000000     
   5.8047742712356971        0.0000000000000000     
   5.8047742712356971        0.0000000000000000     
   5.8297742712356975        0.0000000000000000     
   5.8297742712356975        78.646106644035342     
   5.8297742712356975        78.646106644035342     
   5.8297742712356975        0.0000000000000000     
   5.8547742712356978        0.0000000000000000     
   5.8547742712356978        40.275901949392313     
   5.8547742712356978        40.275901949392313     
   5.8547742712356978        0.0000000000000000     
   5.8797742712356982        0.0000000000000000     
   5.8797742712356982        0.0000000000000000     
   5.8797742712356982        0.0000000000000000     
   5.8797742712356982        0.0000000000000000     
   5.9047742712356976        0.0000000000000000     
   5.9047742712356976        40.468549193637060     
   5.9047742712356976        40.468549193637060     
   5.9047742712356976        0.0000000000000000     
   5.9297742712356971        0.0000000000000000     
   5.9297742712356971        36.460272102008581     
   5.9297742712356971        36.460272102008581     
   5.9297742712356971        0.0000000000000000     
   5.9547742712356975        0.0000000000000000     
   5.9547742712356975        78.361181316152596     
   5.9547742712356975        78.361181316152596     
   5.9547742712356975        0.0000000000000000     
   5.9797742712356978        0.0000000000000000     
   5.9797742712356978        89.043772265774209     
   5.9797742712356978        89.043772265774209     
   5.9797742712356978        0.0000000000000000     
   6.0047742712356982        0.0000000000000000     
   6.0047742712356982        88.718721051434585     
   6.0047742712356982        88.718721051434585     
   6.0047742712356982        0.0000000000000000     
   6.0297742712356976        0.0000000000000000     
   6.0297742712356976        54.114752375947802     
   6.0297742712356976        54.114752375947802     
   6.0297742712356976        0.0000000000000000     
   6.0547742712356971        0.0000000000000000     
   6.0547742712356971        54.342118206421745     
   6.0547742712356971        54.342118206421745     
   6.0547742712356971        0.0000000000000000     
   6.0797742712356975        0.0000000000000000     
   6.0797742712356975        39.345503754924351     
   6.0797742712356975        39.345503754924351     
   6.0797742712356975        0.0000000000000000     
   6.1047742712356978        0.0000000000000000     
   6.1047742712356978        0.0000000000000000     
   6.1047742712356978        0.0000000000000000     
   6.1047742712356978        0.0000000000000000     
   6.1297742712356982        0.0000000000000000     
   6.1297742712356982        48.288496940681668     
   6.1297742712356982        48.288496940681668     
   6.1297742712356982        0.0000000000000000     
   6.1547742712356976        0.0000000000000000     
   6.1547742712356976        0.0000000000000000     
   6.1547742712356976        0.0000000000000000     
   6.1547742712356976        0.0000000000000000     
   6.1797742712356971        0.0000000000000000     
   6.1797742712356971        37.961252105515236     
   6.1797742712356971        37.961252105515236     
   6.1797742712356971        0.0000000000000000     
   6.2047742712356975        0.0000000000000000     
   6.2047742712356975        41.062180155452424     
   6.2047742712356975        41.062180155452424     
   6.2047742712356975        0.0000000000000000     
   6.2297742712356978        0.0000000000000000     
   6.2297742712356978        125.99772047386548     
   6.2297742712356978        125.99772047386548     
   6.2297742712356978        0.0000000000000000     
   6.2547742712356982        0.0000000000000000     
   6.2547742712356982        83.978185371698970     
   6.2547742712356982        83.978185371698970     
   6.2547742712356982        0.0000000000000000     
   6.2797742712356976        0.0000000000000000     
   6.2797742712356976        35.525103674276686     
   6.2797742712356976        35.525103674276686     
   6.2797742712356976        0.0000000000000000     
   6.3047742712356971        0.0000000000000000     
   6.3047742712356971        85.164922713905042     
   6.3047742712356971        85.164922713905042     
   6.3047742712356971        0.0000000000000000     
   6.3297742712356975        0.0000000000000000     
   6.3297742712356975        89.042928287328238     
   6.3297742712356975        89.042928287328238     
   6.3297742712356975        0.0000000000000000     
   6.3547742712356978        0.0000000000000000     
   6.3547742712356978        85.500564131682552     
   6.3547742712356978        85.500564131682552     
   6.3547742712356978        0.0000000000000000     
   6.3797742712356982        0.0000000000000000     
   6.3797742712356982        0.0000000000000000     
   6.3797742712356982        0.0000000000000000     
   6.3797742712356982        0.0000000000000000     
   6.4047742712356976        0.0000000000000000     
   6.4047742712356976        49.913185840922388     
   6.4047742712356976        49.913185840922388     
   6.4047742712356976        0.0000000000000000     
   6.4297742712356971        0.0000000000000000     
   6.4297742712356971        0.0000000000000000     
   6.4297742712356971        0.0000000000000000     
   6.4297742712356971        0.0000000000000000     
   6.4547742712356975        0.0000000000000000     
   6.4547742712356975        0.0000000000000000     
   6.4547742712356975        0.0000000000000000     
   6.4547742712356975        0.0000000000000000     
   6.4797742712356978        0.0000000000000000     
   6.4797742712356978        36.936956168807441     
   6.4797742712356978        36.936956168807441     
   6.4797742712356978        0.0000000000000000     
   6.5047742712356982        0.0000000000000000     
   6.5047742712356982        38.956603517572468     
   6.5047742712356982        38.956603517572468     
   6.5047742712356982        0.0000000000000000     
   6.5297742712356976        0.0000000000000000     
   6.5297742712356976        54.083218259613545     
   6.5297742712356976        54.083218259613545     
   6.5297742712356976        0.0000000000000000     
   6.5547742712356971        0.0000000000000000     
   6.5547742712356971        36.648844937348748     
   6.5547742712356971        36.648844937348748     
   6.5547742712356971        0.0000000000000000     
   6.5797742712356975        0.0000000000000000     
   6.5797742712356975        38.174312787529807     
   6.5797742712356975        38.174312787529807     
   6.5797742712356975        0.0000000000000000     
   6.6047742712356978        0.0000000000000000     
   6.6047742712356978        0.0000000000000000     
   6.6047742712356978        0.0000000000000000     
   6.6047742712356978        0.0000000000000000     
   6.6297742712356982        0.0000000000000000     
   6.6297742712356982        74.439982451734465     
   6.6297742712356982        74.439982451734465     
   6.6297742712356982        0.0000000000000000     
   6.6547742712356976        0.0000000000000000     
   6.6547742712356976        0.0000000000000000     
   6.6547742712356976        0.0000000000000000     
   6.6547742712356976        0.0000000000000000     
   6.6797742712356971        0.0000000000000000     
   6.6797742712356971        89.428274210403018     
   6.6797742712356971        89.428274210403018     
   6.6797742712356971        0.0000000000000000     
   6.7047742712356975        0.0000000000000000     
   6.7047742712356975        52.383919371527249     
   6.7047742712356975        52.383919371527249     
   6.7047742712356975        0.0000000000000000     
   6.7297742712356978        0.0000000000000000     
   6.7297742712356978        127.28200536034768     
   6.7297742712356978        127.28200536034768     
   6.7297742712356978        0.0000000000000000     
   6.7547742712356982        0.0000000000000000     
   6.7547742712356982        49.042419508582462     
   6.7547742712356982        49.042419508582462     
   6.7547742712356982        0.0000000000000000     
   6.7797742712356976        0.0000000000000000     
   6.7797742712356976        0.0000000000000000     
   6.7797742712356976        0.0000000000000000     
   6.7797742712356976        0.0000000000000000     
   6.8047742712356971        0.0000000000000000     
   6.8047742712356971        48.242717653389576     
   6.8047742712356971        48.242717653389576     
   6.8047742712356971        0.0000000000000000     
   6.8297742712356975        0.0000000000000000     
   6.8297742712356975        85.393942091542044     
   6.8297742712356975        85.393942091542044     
   6.8297742712356975        0.0000000000000000     
   6.8547742712356978        0.0000000000000000     
   6.8547742712356978        143.58472076421091     
   6.8547742712356978        143.58472076421091     
   6.8547742712356978        0.0000000000000000     
   6.8797742712356982        0.0000000000000000     
   6.8797742712356982        139.83301951076606     
   6.8797742712356982        139.83301951076606     
   6.8797742712356982        0.0000000000000000     
   6.9047742712356976        0.0000000000000000     
   6.9047742712356976        107.68205706757090     
   6.9047742712356976        107.68205706757090     
   6.9047742712356976        0.0000000000000000     
   6.9297742712356971        0.0000000000000000     
   6.9297742712356971        0.0000000000000000     
   6.9297742712356971        0.0000000000000000     
   6.9297742712356971        0.0000000000000000     
   6.9547742712356975        0.0000000000000000     
   6.9547742712356975        0.0000000000000000     
   6.9547742712356975        0.0000000000000000     
   6.9547742712356975        0.0000000000000000     
   6.9797742712356978        0.0000000000000000     
   6.9797742712356978        0.0000000000000000     
   6.9797742712356978        0.0000000000000000     
   6.9797742712356978        0.0000000000000000     
   7.0047742712356982        0.0000000000000000     
   7.0047742712356982        38.709788010610652     
   7.0047742712356982        38.709788010610652     
   7.0047742712356982        0.0000000000000000     
   7.0297742712356976        0.0000000000000000     
   7.0297742712356976        76.367498249663100     
   7.0297742712356976        76.367498249663100     
   7.0297742712356976        0.0000000000000000     
   7.0547742712356971        0.0000000000000000     
   7.0547742712356971        76.376942824480608     
   7.0547742712356971        76.376942824480608     
   7.0547742712356971        0.0000000000000000     
   7.0797742712356975        0.0000000000000000     
   7.0797742712356975        0.0000000000000000     
   7.0797742712356975        0.0000000000000000     
   7.0797742712356975        0.0000000000000000     
   7.1047742712356978        0.0000000000000000     
   7.1047742712356978        56.461958856621216     
   7.1047742712356978        56.461958856621216     
   7.1047742712356978        0.0000000000000000     
   7.1297742712356982        0.0000000000000000     
   7.1297742712356982        36.544125766379615     
   7.1297742712356982        36.544125766379615     
   7.1297742712356982        0.0000000000000000     
 TOTAL INTENSITY OF THESE BINS   8581.4604432338147     
