   3.1797742712356976        0.0000000000000000     
   3.1797742712356976        141.94597558140640     
   3.1797742712356976        141.94597558140640     
   3.1797742712356976        0.0000000000000000     
   3.2047742712356975        0.0000000000000000     
   3.2047742712356975        90.628647807369404     
   3.2047742712356975        90.628647807369404     
   3.2047742712356975        0.0000000000000000     
   3.2297742712356974        0.0000000000000000     
   3.2297742712356974        80.403111454436697     
   3.2297742712356974        80.403111454436697     
   3.2297742712356974        0.0000000000000000     
   3.2547742712356977        0.0000000000000000     
   3.2547742712356977        43.062662157086990     
   3.2547742712356977        43.062662157086990     
   3.2547742712356977        0.0000000000000000     
   3.2797742712356976        0.0000000000000000     
   3.2797742712356976        92.132893184995226     
   3.2797742712356976        92.132893184995226     
   3.2797742712356976        0.0000000000000000     
   3.3047742712356976        0.0000000000000000     
   3.3047742712356976        128.35974454942408     
   3.3047742712356976        128.35974454942408     
   3.3047742712356976        0.0000000000000000     
   3.3297742712356975        0.0000000000000000     
   3.3297742712356975        39.894876182135484     
   3.3297742712356975        39.894876182135484     
   3.3297742712356975        0.0000000000000000     
   3.3547742712356974        0.0000000000000000     
   3.3547742712356974        0.0000000000000000     
   3.3547742712356974        0.0000000000000000     
   3.3547742712356974        0.0000000000000000     
   3.3797742712356977        0.0000000000000000     
   3.3797742712356977        51.334431993782694     
   3.3797742712356977        51.334431993782694     
   3.3797742712356977        0.0000000000000000     
   3.4047742712356976        0.0000000000000000     
   3.4047742712356976        178.22278913707294     
   3.4047742712356976        178.22278913707294     
   3.4047742712356976        0.0000000000000000     
   3.4297742712356976        0.0000000000000000     
   3.4297742712356976        0.0000000000000000     
   3.4297742712356976        0.0000000000000000     
   3.4297742712356976        0.0000000000000000     
   3.4547742712356975        0.0000000000000000     
   3.4547742712356975        40.067761342140869     
   3.4547742712356975        40.067761342140869     
   3.4547742712356975        0.0000000000000000     
   3.4797742712356978        0.0000000000000000     
   3.4797742712356978        135.00115932662268     
   3.4797742712356978        135.00115932662268     
   3.4797742712356978        0.0000000000000000     
   3.5047742712356977        0.0000000000000000     
   3.5047742712356977        38.743810798323963     
   3.5047742712356977        38.743810798323963     
   3.5047742712356977        0.0000000000000000     
   3.5297742712356976        0.0000000000000000     
   3.5297742712356976        41.435851205483957     
   3.5297742712356976        41.435851205483957     
   3.5297742712356976        0.0000000000000000     
   3.5547742712356976        0.0000000000000000     
   3.5547742712356976        120.08001442831301     
   3.5547742712356976        120.08001442831301     
   3.5547742712356976        0.0000000000000000     
   3.5797742712356975        0.0000000000000000     
   3.5797742712356975        0.0000000000000000     
   3.5797742712356975        0.0000000000000000     
   3.5797742712356975        0.0000000000000000     
   3.6047742712356978        0.0000000000000000     
   3.6047742712356978        0.0000000000000000     
   3.6047742712356978        0.0000000000000000     
   3.6047742712356978        0.0000000000000000     
   3.6297742712356977        0.0000000000000000     
   3.6297742712356977        211.25855000404519     
   3.6297742712356977        211.25855000404519     
   3.6297742712356977        0.0000000000000000     
   3.6547742712356976        0.0000000000000000     
   3.6547742712356976        89.474974287669312     
   3.6547742712356976        89.474974287669312     
   3.6547742712356976        0.0000000000000000     
   3.6797742712356976        0.0000000000000000     
   3.6797742712356976        49.263384994579923     
   3.6797742712356976        49.263384994579923     
   3.6797742712356976        0.0000000000000000     
   3.7047742712356975        0.0000000000000000     
   3.7047742712356975        132.26341239444525     
   3.7047742712356975        132.26341239444525     
   3.7047742712356975        0.0000000000000000     
   3.7297742712356978        0.0000000000000000     
   3.7297742712356978        46.973133437632981     
   3.7297742712356978        46.973133437632981     
   3.7297742712356978        0.0000000000000000     
   3.7547742712356977        0.0000000000000000     
   3.7547742712356977        130.80980144282634     
   3.7547742712356977        130.80980144282634     
   3.7547742712356977        0.0000000000000000     
   3.7797742712356976        0.0000000000000000     
   3.7797742712356976        0.0000000000000000     
   3.7797742712356976        0.0000000000000000     
   3.7797742712356976        0.0000000000000000     
   3.8047742712356976        0.0000000000000000     
   3.8047742712356976        48.084350958600986     
   3.8047742712356976        48.084350958600986     
   3.8047742712356976        0.0000000000000000     
   3.8297742712356975        0.0000000000000000     
   3.8297742712356975        89.169969679921138     
   3.8297742712356975        89.169969679921138     
   3.8297742712356975        0.0000000000000000     
   3.8547742712356978        0.0000000000000000     
   3.8547742712356978        130.03899036490105     
   3.8547742712356978        130.03899036490105     
   3.8547742712356978        0.0000000000000000     
   3.8797742712356977        0.0000000000000000     
   3.8797742712356977        0.0000000000000000     
   3.8797742712356977        0.0000000000000000     
   3.8797742712356977        0.0000000000000000     
   3.9047742712356976        0.0000000000000000     
   3.9047742712356976        41.285710242306806     
   3.9047742712356976        41.285710242306806     
   3.9047742712356976        0.0000000000000000     
   3.9297742712356976        0.0000000000000000     
   3.9297742712356976        42.096364203925205     
   3.9297742712356976        42.096364203925205     
   3.9297742712356976        0.0000000000000000     
   3.9547742712356975        0.0000000000000000     
   3.9547742712356975        42.326175194254937     
   3.9547742712356975        42.326175194254937     
   3.9547742712356975        0.0000000000000000     
   3.9797742712356978        0.0000000000000000     
   3.9797742712356978        39.898600563363757     
   3.9797742712356978        39.898600563363757     
   3.9797742712356978        0.0000000000000000     
   4.0047742712356973        0.0000000000000000     
   4.0047742712356973        47.973206050054138     
   4.0047742712356973        47.973206050054138     
   4.0047742712356973        0.0000000000000000     
   4.0297742712356976        0.0000000000000000     
   4.0297742712356976        0.0000000000000000     
   4.0297742712356976        0.0000000000000000     
   4.0297742712356976        0.0000000000000000     
   4.0547742712356971        0.0000000000000000     
   4.0547742712356971        86.218040875554209     
   4.0547742712356971        86.218040875554209     
   4.0547742712356971        0.0000000000000000     
   4.0797742712356975        0.0000000000000000     
   4.0797742712356975        40.697520083314579     
   4.0797742712356975        40.697520083314579     
   4.0797742712356975        0.0000000000000000     
   4.1047742712356978        0.0000000000000000     
   4.1047742712356978        0.0000000000000000     
   4.1047742712356978        0.0000000000000000     
   4.1047742712356978        0.0000000000000000     
   4.1297742712356973        0.0000000000000000     
   4.1297742712356973        93.209340617575563     
   4.1297742712356973        93.209340617575563     
   4.1297742712356973        0.0000000000000000     
   4.1547742712356976        0.0000000000000000     
   4.1547742712356976        0.0000000000000000     
   4.1547742712356976        0.0000000000000000     
   4.1547742712356976        0.0000000000000000     
   4.1797742712356971        0.0000000000000000     
   4.1797742712356971        141.84580881029123     
   4.1797742712356971        141.84580881029123     
   4.1797742712356971        0.0000000000000000     
   4.2047742712356975        0.0000000000000000     
   4.2047742712356975        46.855324599693887     
   4.2047742712356975        46.855324599693887     
   4.2047742712356975        0.0000000000000000     
   4.2297742712356978        0.0000000000000000     
   4.2297742712356978        138.85779550656585     
   4.2297742712356978        138.85779550656585     
   4.2297742712356978        0.0000000000000000     
   4.2547742712356973        0.0000000000000000     
   4.2547742712356973        41.474971319314633     
   4.2547742712356973        41.474971319314633     
   4.2547742712356973        0.0000000000000000     
   4.2797742712356976        0.0000000000000000     
   4.2797742712356976        82.803183002746437     
   4.2797742712356976        82.803183002746437     
   4.2797742712356976        0.0000000000000000     
   4.3047742712356971        0.0000000000000000     
   4.3047742712356971        85.587659568425806     
   4.3047742712356971        85.587659568425806     
   4.3047742712356971        0.0000000000000000     
   4.3297742712356975        0.0000000000000000     
   4.3297742712356975        39.567871753590879     
   4.3297742712356975        39.567871753590879     
   4.3297742712356975        0.0000000000000000     
   4.3547742712356978        0.0000000000000000     
   4.3547742712356978        47.527909395632044     
   4.3547742712356978        47.527909395632044     
   4.3547742712356978        0.0000000000000000     
   4.3797742712356982        0.0000000000000000     
   4.3797742712356982        148.34793896409849     
   4.3797742712356982        148.34793896409849     
   4.3797742712356982        0.0000000000000000     
   4.4047742712356976        0.0000000000000000     
   4.4047742712356976        182.93849015401264     
   4.4047742712356976        182.93849015401264     
   4.4047742712356976        0.0000000000000000     
   4.4297742712356971        0.0000000000000000     
   4.4297742712356971        0.0000000000000000     
   4.4297742712356971        0.0000000000000000     
   4.4297742712356971        0.0000000000000000     
   4.4547742712356975        0.0000000000000000     
   4.4547742712356975        123.59366022211643     
   4.4547742712356975        123.59366022211643     
   4.4547742712356975        0.0000000000000000     
   4.4797742712356978        0.0000000000000000     
   4.4797742712356978        0.0000000000000000     
   4.4797742712356978        0.0000000000000000     
   4.4797742712356978        0.0000000000000000     
   4.5047742712356982        0.0000000000000000     
   4.5047742712356982        0.0000000000000000     
   4.5047742712356982        0.0000000000000000     
   4.5047742712356982        0.0000000000000000     
   4.5297742712356976        0.0000000000000000     
   4.5297742712356976        40.608809367876390     
   4.5297742712356976        40.608809367876390     
   4.5297742712356976        0.0000000000000000     
   4.5547742712356971        0.0000000000000000     
   4.5547742712356971        173.03892064473888     
   4.5547742712356971        173.03892064473888     
   4.5547742712356971        0.0000000000000000     
   4.5797742712356975        0.0000000000000000     
   4.5797742712356975        0.0000000000000000     
   4.5797742712356975        0.0000000000000000     
   4.5797742712356975        0.0000000000000000     
   4.6047742712356978        0.0000000000000000     
   4.6047742712356978        183.04191324275772     
   4.6047742712356978        183.04191324275772     
   4.6047742712356978        0.0000000000000000     
   4.6297742712356982        0.0000000000000000     
   4.6297742712356982        49.373508463561301     
   4.6297742712356982        49.373508463561301     
   4.6297742712356982        0.0000000000000000     
   4.6547742712356976        0.0000000000000000     
   4.6547742712356976        0.0000000000000000     
   4.6547742712356976        0.0000000000000000     
   4.6547742712356976        0.0000000000000000     
   4.6797742712356971        0.0000000000000000     
   4.6797742712356971        0.0000000000000000     
   4.6797742712356971        0.0000000000000000     
   4.6797742712356971        0.0000000000000000     
   4.7047742712356975        0.0000000000000000     
   4.7047742712356975        0.0000000000000000     
   4.7047742712356975        0.0000000000000000     
   4.7047742712356975        0.0000000000000000     
   4.7297742712356978        0.0000000000000000     
   4.7297742712356978        42.018382450103410     
   4.7297742712356978        42.018382450103410     
   4.7297742712356978        0.0000000000000000     
   4.7547742712356982        0.0000000000000000     
   4.7547742712356982        88.539382319500760     
   4.7547742712356982        88.539382319500760     
   4.7547742712356982        0.0000000000000000     
   4.7797742712356976        0.0000000000000000     
   4.7797742712356976        0.0000000000000000     
   4.7797742712356976        0.0000000000000000     
   4.7797742712356976        0.0000000000000000     
   4.8047742712356971        0.0000000000000000     
   4.8047742712356971        96.946529957510919     
   4.8047742712356971        96.946529957510919     
   4.8047742712356971        0.0000000000000000     
   4.8297742712356975        0.0000000000000000     
   4.8297742712356975        0.0000000000000000     
   4.8297742712356975        0.0000000000000000     
   4.8297742712356975        0.0000000000000000     
   4.8547742712356978        0.0000000000000000     
   4.8547742712356978        0.0000000000000000     
   4.8547742712356978        0.0000000000000000     
   4.8547742712356978        0.0000000000000000     
   4.8797742712356982        0.0000000000000000     
   4.8797742712356982        222.09832053020315     
   4.8797742712356982        222.09832053020315     
   4.8797742712356982        0.0000000000000000     
   4.9047742712356976        0.0000000000000000     
   4.9047742712356976        91.236669629162947     
   4.9047742712356976        91.236669629162947     
   4.9047742712356976        0.0000000000000000     
   4.9297742712356971        0.0000000000000000     
   4.9297742712356971        40.051779957244662     
   4.9297742712356971        40.051779957244662     
   4.9297742712356971        0.0000000000000000     
   4.9547742712356975        0.0000000000000000     
   4.9547742712356975        46.422396162525267     
   4.9547742712356975        46.422396162525267     
   4.9547742712356975        0.0000000000000000     
   4.9797742712356978        0.0000000000000000     
   4.9797742712356978        89.994649706537217     
   4.9797742712356978        89.994649706537217     
   4.9797742712356978        0.0000000000000000     
   5.0047742712356982        0.0000000000000000     
   5.0047742712356982        186.76671515987277     
   5.0047742712356982        186.76671515987277     
   5.0047742712356982        0.0000000000000000     
   5.0297742712356976        0.0000000000000000     
   5.0297742712356976        43.428297467918583     
   5.0297742712356976        43.428297467918583     
   5.0297742712356976        0.0000000000000000     
   5.0547742712356971        0.0000000000000000     
   5.0547742712356971        50.816583642845124     
   5.0547742712356971        50.816583642845124     
   5.0547742712356971        0.0000000000000000     
   5.0797742712356975        0.0000000000000000     
   5.0797742712356975        39.267071421043362     
   5.0797742712356975        39.267071421043362     
   5.0797742712356975        0.0000000000000000     
   5.1047742712356978        0.0000000000000000     
   5.1047742712356978        0.0000000000000000     
   5.1047742712356978        0.0000000000000000     
   5.1047742712356978        0.0000000000000000     
   5.1297742712356982        0.0000000000000000     
   5.1297742712356982        0.0000000000000000     
   5.1297742712356982        0.0000000000000000     
   5.1297742712356982        0.0000000000000000     
   5.1547742712356976        0.0000000000000000     
   5.1547742712356976        39.522636515046194     
   5.1547742712356976        39.522636515046194     
   5.1547742712356976        0.0000000000000000     
   5.1797742712356971        0.0000000000000000     
   5.1797742712356971        47.548300722812783     
   5.1797742712356971        47.548300722812783     
   5.1797742712356971        0.0000000000000000     
   5.2047742712356975        0.0000000000000000     
   5.2047742712356975        40.610290110767231     
   5.2047742712356975        40.610290110767231     
   5.2047742712356975        0.0000000000000000     
   5.2297742712356978        0.0000000000000000     
   5.2297742712356978        103.23803319095197     
   5.2297742712356978        103.23803319095197     
   5.2297742712356978        0.0000000000000000     
   5.2547742712356982        0.0000000000000000     
   5.2547742712356982        51.343540689655079     
   5.2547742712356982        51.343540689655079     
   5.2547742712356982        0.0000000000000000     
   5.2797742712356976        0.0000000000000000     
   5.2797742712356976        0.0000000000000000     
   5.2797742712356976        0.0000000000000000     
   5.2797742712356976        0.0000000000000000     
   5.3047742712356971        0.0000000000000000     
   5.3047742712356971        41.273403009375478     
   5.3047742712356971        41.273403009375478     
   5.3047742712356971        0.0000000000000000     
   5.3297742712356975        0.0000000000000000     
   5.3297742712356975        150.13799923441115     
   5.3297742712356975        150.13799923441115     
   5.3297742712356975        0.0000000000000000     
   5.3547742712356978        0.0000000000000000     
   5.3547742712356978        0.0000000000000000     
   5.3547742712356978        0.0000000000000000     
   5.3547742712356978        0.0000000000000000     
   5.3797742712356982        0.0000000000000000     
   5.3797742712356982        0.0000000000000000     
   5.3797742712356982        0.0000000000000000     
   5.3797742712356982        0.0000000000000000     
   5.4047742712356976        0.0000000000000000     
   5.4047742712356976        0.0000000000000000     
   5.4047742712356976        0.0000000000000000     
   5.4047742712356976        0.0000000000000000     
   5.4297742712356971        0.0000000000000000     
   5.4297742712356971        100.04671267260966     
   5.4297742712356971        100.04671267260966     
   5.4297742712356971        0.0000000000000000     
   5.4547742712356975        0.0000000000000000     
   5.4547742712356975        88.217269927935519     
   5.4547742712356975        88.217269927935519     
   5.4547742712356975        0.0000000000000000     
   5.4797742712356978        0.0000000000000000     
   5.4797742712356978        83.095062996499578     
   5.4797742712356978        83.095062996499578     
   5.4797742712356978        0.0000000000000000     
   5.5047742712356982        0.0000000000000000     
   5.5047742712356982        38.085507788099747     
   5.5047742712356982        38.085507788099747     
   5.5047742712356982        0.0000000000000000     
   5.5297742712356976        0.0000000000000000     
   5.5297742712356976        0.0000000000000000     
   5.5297742712356976        0.0000000000000000     
   5.5297742712356976        0.0000000000000000     
   5.5547742712356971        0.0000000000000000     
   5.5547742712356971        137.62938011835163     
   5.5547742712356971        137.62938011835163     
   5.5547742712356971        0.0000000000000000     
   5.5797742712356975        0.0000000000000000     
   5.5797742712356975        88.074210906881973     
   5.5797742712356975        88.074210906881973     
   5.5797742712356975        0.0000000000000000     
   5.6047742712356978        0.0000000000000000     
   5.6047742712356978        146.33899243919188     
   5.6047742712356978        146.33899243919188     
   5.6047742712356978        0.0000000000000000     
   5.6297742712356982        0.0000000000000000     
   5.6297742712356982        47.600506353656158     
   5.6297742712356982        47.600506353656158     
   5.6297742712356982        0.0000000000000000     
   5.6547742712356976        0.0000000000000000     
   5.6547742712356976        128.82704252112802     
   5.6547742712356976        128.82704252112802     
   5.6547742712356976        0.0000000000000000     
   5.6797742712356971        0.0000000000000000     
   5.6797742712356971        90.300808422306815     
   5.6797742712356971        90.300808422306815     
   5.6797742712356971        0.0000000000000000     
   5.7047742712356975        0.0000000000000000     
   5.7047742712356975        80.749749579311228     
   5.7047742712356975        80.749749579311228     
   5.7047742712356975        0.0000000000000000     
   5.7297742712356978        0.0000000000000000     
   5.7297742712356978        38.804817759303582     
   5.7297742712356978        38.804817759303582     
   5.7297742712356978        0.0000000000000000     
   5.7547742712356982        0.0000000000000000     
   5.7547742712356982        51.719319156155933     
   5.7547742712356982        51.719319156155933     
   5.7547742712356982        0.0000000000000000     
   5.7797742712356976        0.0000000000000000     
   5.7797742712356976        78.060762243523882     
   5.7797742712356976        78.060762243523882     
   5.7797742712356976        0.0000000000000000     
   5.8047742712356971        0.0000000000000000     
   5.8047742712356971        88.727453898608189     
   5.8047742712356971        88.727453898608189     
   5.8047742712356971        0.0000000000000000     
   5.8297742712356975        0.0000000000000000     
   5.8297742712356975        0.0000000000000000     
   5.8297742712356975        0.0000000000000000     
   5.8297742712356975        0.0000000000000000     
   5.8547742712356978        0.0000000000000000     
   5.8547742712356978        79.500319737155621     
   5.8547742712356978        79.500319737155621     
   5.8547742712356978        0.0000000000000000     
   5.8797742712356982        0.0000000000000000     
   5.8797742712356982        0.0000000000000000     
   5.8797742712356982        0.0000000000000000     
   5.8797742712356982        0.0000000000000000     
   5.9047742712356976        0.0000000000000000     
   5.9047742712356976        38.657411327619002     
   5.9047742712356976        38.657411327619002     
   5.9047742712356976        0.0000000000000000     
   5.9297742712356971        0.0000000000000000     
   5.9297742712356971        0.0000000000000000     
   5.9297742712356971        0.0000000000000000     
   5.9297742712356971        0.0000000000000000     
   5.9547742712356975        0.0000000000000000     
   5.9547742712356975        0.0000000000000000     
   5.9547742712356975        0.0000000000000000     
   5.9547742712356975        0.0000000000000000     
   5.9797742712356978        0.0000000000000000     
   5.9797742712356978        0.0000000000000000     
   5.9797742712356978        0.0000000000000000     
   5.9797742712356978        0.0000000000000000     
   6.0047742712356982        0.0000000000000000     
   6.0047742712356982        39.801177592103549     
   6.0047742712356982        39.801177592103549     
   6.0047742712356982        0.0000000000000000     
   6.0297742712356976        0.0000000000000000     
   6.0297742712356976        0.0000000000000000     
   6.0297742712356976        0.0000000000000000     
   6.0297742712356976        0.0000000000000000     
   6.0547742712356971        0.0000000000000000     
   6.0547742712356971        0.0000000000000000     
   6.0547742712356971        0.0000000000000000     
   6.0547742712356971        0.0000000000000000     
   6.0797742712356975        0.0000000000000000     
   6.0797742712356975        0.0000000000000000     
   6.0797742712356975        0.0000000000000000     
   6.0797742712356975        0.0000000000000000     
   6.1047742712356978        0.0000000000000000     
   6.1047742712356978        0.0000000000000000     
   6.1047742712356978        0.0000000000000000     
   6.1047742712356978        0.0000000000000000     
   6.1297742712356982        0.0000000000000000     
   6.1297742712356982        0.0000000000000000     
   6.1297742712356982        0.0000000000000000     
   6.1297742712356982        0.0000000000000000     
   6.1547742712356976        0.0000000000000000     
   6.1547742712356976        0.0000000000000000     
   6.1547742712356976        0.0000000000000000     
   6.1547742712356976        0.0000000000000000     
   6.1797742712356971        0.0000000000000000     
   6.1797742712356971        190.37493870297467     
   6.1797742712356971        190.37493870297467     
   6.1797742712356971        0.0000000000000000     
   6.2047742712356975        0.0000000000000000     
   6.2047742712356975        42.351453620953272     
   6.2047742712356975        42.351453620953272     
   6.2047742712356975        0.0000000000000000     
   6.2297742712356978        0.0000000000000000     
   6.2297742712356978        153.45032258788615     
   6.2297742712356978        153.45032258788615     
   6.2297742712356978        0.0000000000000000     
   6.2547742712356982        0.0000000000000000     
   6.2547742712356982        0.0000000000000000     
   6.2547742712356982        0.0000000000000000     
   6.2547742712356982        0.0000000000000000     
   6.2797742712356976        0.0000000000000000     
   6.2797742712356976        88.571850695260139     
   6.2797742712356976        88.571850695260139     
   6.2797742712356976        0.0000000000000000     
   6.3047742712356971        0.0000000000000000     
   6.3047742712356971        0.0000000000000000     
   6.3047742712356971        0.0000000000000000     
   6.3047742712356971        0.0000000000000000     
   6.3297742712356975        0.0000000000000000     
   6.3297742712356975        143.60067114382332     
   6.3297742712356975        143.60067114382332     
   6.3297742712356975        0.0000000000000000     
   6.3547742712356978        0.0000000000000000     
   6.3547742712356978        48.916473017062238     
   6.3547742712356978        48.916473017062238     
   6.3547742712356978        0.0000000000000000     
   6.3797742712356982        0.0000000000000000     
   6.3797742712356982        38.900162751311555     
   6.3797742712356982        38.900162751311555     
   6.3797742712356982        0.0000000000000000     
   6.4047742712356976        0.0000000000000000     
   6.4047742712356976        0.0000000000000000     
   6.4047742712356976        0.0000000000000000     
   6.4047742712356976        0.0000000000000000     
   6.4297742712356971        0.0000000000000000     
   6.4297742712356971        37.597043496433400     
   6.4297742712356971        37.597043496433400     
   6.4297742712356971        0.0000000000000000     
   6.4547742712356975        0.0000000000000000     
   6.4547742712356975        42.825975938623117     
   6.4547742712356975        42.825975938623117     
   6.4547742712356975        0.0000000000000000     
   6.4797742712356978        0.0000000000000000     
   6.4797742712356978        50.375291846290580     
   6.4797742712356978        50.375291846290580     
   6.4797742712356978        0.0000000000000000     
   6.5047742712356982        0.0000000000000000     
   6.5047742712356982        93.030532685702127     
   6.5047742712356982        93.030532685702127     
   6.5047742712356982        0.0000000000000000     
   6.5297742712356976        0.0000000000000000     
   6.5297742712356976        39.247906429401510     
   6.5297742712356976        39.247906429401510     
   6.5297742712356976        0.0000000000000000     
   6.5547742712356971        0.0000000000000000     
   6.5547742712356971        40.265307696381306     
   6.5547742712356971        40.265307696381306     
   6.5547742712356971        0.0000000000000000     
   6.5797742712356975        0.0000000000000000     
   6.5797742712356975        102.84280158803307     
   6.5797742712356975        102.84280158803307     
   6.5797742712356975        0.0000000000000000     
   6.6047742712356978        0.0000000000000000     
   6.6047742712356978        89.468495652679991     
   6.6047742712356978        89.468495652679991     
   6.6047742712356978        0.0000000000000000     
   6.6297742712356982        0.0000000000000000     
   6.6297742712356982        166.22063096430230     
   6.6297742712356982        166.22063096430230     
   6.6297742712356982        0.0000000000000000     
   6.6547742712356976        0.0000000000000000     
   6.6547742712356976        50.388163943761128     
   6.6547742712356976        50.388163943761128     
   6.6547742712356976        0.0000000000000000     
   6.6797742712356971        0.0000000000000000     
   6.6797742712356971        52.234554973800165     
   6.6797742712356971        52.234554973800165     
   6.6797742712356971        0.0000000000000000     
   6.7047742712356975        0.0000000000000000     
   6.7047742712356975        0.0000000000000000     
   6.7047742712356975        0.0000000000000000     
   6.7047742712356975        0.0000000000000000     
   6.7297742712356978        0.0000000000000000     
   6.7297742712356978        77.221104346132620     
   6.7297742712356978        77.221104346132620     
   6.7297742712356978        0.0000000000000000     
   6.7547742712356982        0.0000000000000000     
   6.7547742712356982        39.049547513383921     
   6.7547742712356982        39.049547513383921     
   6.7547742712356982        0.0000000000000000     
   6.7797742712356976        0.0000000000000000     
   6.7797742712356976        83.110164197364838     
   6.7797742712356976        83.110164197364838     
   6.7797742712356976        0.0000000000000000     
   6.8047742712356971        0.0000000000000000     
   6.8047742712356971        75.448188365703885     
   6.8047742712356971        75.448188365703885     
   6.8047742712356971        0.0000000000000000     
   6.8297742712356975        0.0000000000000000     
   6.8297742712356975        90.637313628496756     
   6.8297742712356975        90.637313628496756     
   6.8297742712356975        0.0000000000000000     
   6.8547742712356978        0.0000000000000000     
   6.8547742712356978        0.0000000000000000     
   6.8547742712356978        0.0000000000000000     
   6.8547742712356978        0.0000000000000000     
   6.8797742712356982        0.0000000000000000     
   6.8797742712356982        38.814606299606595     
   6.8797742712356982        38.814606299606595     
   6.8797742712356982        0.0000000000000000     
   6.9047742712356976        0.0000000000000000     
   6.9047742712356976        142.17632822342625     
   6.9047742712356976        142.17632822342625     
   6.9047742712356976        0.0000000000000000     
   6.9297742712356971        0.0000000000000000     
   6.9297742712356971        0.0000000000000000     
   6.9297742712356971        0.0000000000000000     
   6.9297742712356971        0.0000000000000000     
   6.9547742712356975        0.0000000000000000     
   6.9547742712356975        40.628343694569082     
   6.9547742712356975        40.628343694569082     
   6.9547742712356975        0.0000000000000000     
   6.9797742712356978        0.0000000000000000     
   6.9797742712356978        37.427116287013050     
   6.9797742712356978        37.427116287013050     
   6.9797742712356978        0.0000000000000000     
   7.0047742712356982        0.0000000000000000     
   7.0047742712356982        0.0000000000000000     
   7.0047742712356982        0.0000000000000000     
   7.0047742712356982        0.0000000000000000     
   7.0297742712356976        0.0000000000000000     
   7.0297742712356976        55.185966511767596     
   7.0297742712356976        55.185966511767596     
   7.0297742712356976        0.0000000000000000     
   7.0547742712356971        0.0000000000000000     
   7.0547742712356971        0.0000000000000000     
   7.0547742712356971        0.0000000000000000     
   7.0547742712356971        0.0000000000000000     
   7.0797742712356975        0.0000000000000000     
   7.0797742712356975        0.0000000000000000     
   7.0797742712356975        0.0000000000000000     
   7.0797742712356975        0.0000000000000000     
   7.1047742712356978        0.0000000000000000     
   7.1047742712356978        50.430842979264632     
   7.1047742712356978        50.430842979264632     
   7.1047742712356978        0.0000000000000000     
   7.1297742712356982        0.0000000000000000     
   7.1297742712356982        75.390513646503166     
   7.1297742712356982        75.390513646503166     
   7.1297742712356982        0.0000000000000000     
 TOTAL INTENSITY OF THESE BINS   9339.4991203048321     
