   365.25643959707713     
   346.53481310982028     
  0.50119952531550416     
   7.9280314544916131E-003
   96.914493786248173     
   72.825964152560104     
  -9.3553050400936755E-002
  0.25704811943321815     
  -130.18055179486205     
  -5.8304087996745579E-003
  -31.337869746484944     
  -9.4688451229887338E-003
  -92.904559585233542     
  -8.0620859063129657E-003
   158.02153827812754     
   3.8531532123063705E-002
  -77.355258549649932     
   101.42600751363234     
  -6.8166767746101864E-002
  0.63118253849481265     
  -4.4022887874585166     
   1.8218070031835509E-002
   38.301794372602011     
  0.17416198495397328     
   27.273642490427687     
   57.662119357195763     
  0.40329275124198527     
  -5.7998718008148709E-002
  -1.7288912973566091     
   2.4626140014429865E-003
   6.6312331699207236     
 -0.67484389509882470     
  -25.040370227503342     
  -4.8370079106658789E-002
  -72.786263288398644     
  -12.979844101225606     
  -3.8259245722603503E-003
  -1.1610127533054411     
  -24.185220445294075     
