 -0.56133412980613007     
  -3.0123725277449170E-004
 -0.28156751730863933     
  -1.3606344636531080E-005
 -0.70264163202592034     
   3.2794309575912060E-004
 -0.15840554263752296     
   2.0571852383993584E-004
  -2.9890144182164314E-004
   7.0517714675701032E-002
  0.16842530875247166     
   8.7875328206470334E-006
   8.4414392535680366E-003
  -3.2644836118901431E-005
   3.7707229508525483E-005
  -8.1646768967240019E-002
  0.13802963803081819     
  -3.7126479925727445E-005
  -2.5199289538768502E-002
  -2.9811488089506868E-002
   1.0459518827218639E-004
   1.4642636504911877E-005
   6.2676761434294218E-005
   9.0540977419795374E-002
  -2.6915296154027903E-002
 -0.12405321912867451     
  -1.0622312205603167E-004
   6.7601737067900089E-003
   1.6986519742836673E-005
  -6.7785748121250254E-005
   2.5059650603359091E-002
   6.8648225666023951E-005
  -2.8619745081935450E-002
   2.3686550496441553E-004
  -1.3270202472974151E-002
  -1.0159732275810861E-005
  -1.3868131119172178E-002
   8.8814386819241809E-006
  -1.5808219459370192E-004
  0.39921310415483258     
  -4.8021622520278914E-004
 -0.79205174027303771     
  -1.1055914724920732E-003
   4.1768085147293507E-002
   7.5288132949368944E-004
 -0.25212600369441396     
  -8.9976151386770935E-004
   3.0527972827533944E-004
 -0.16642020442987168     
   3.5124906256272577E-002
  -4.2862053049982994E-004
 -0.30299087428495902     
   2.3831273416559232E-004
  -5.8955932803098036E-005
   5.7895398697377420E-002
   7.6176171083099436E-003
  -3.8178869730074789E-006
   5.4223342442839668E-002
  -2.6220626109283895E-002
   2.4705712791751026E-004
   1.6277456729562655E-005
  -2.1659992166667746E-004
   9.5101039575676380E-002
  -5.1347259425862518E-002
   5.8755638585024215E-002
   3.0987348043296517E-004
   3.7686215309723045E-003
  -7.6727331804365788E-005
  -5.9312023087704096E-005
   2.5506669028548794E-002
  -2.1804437926219969E-004
   3.5585021024947303E-002
   1.1322069158107031E-005
  -3.0378846913423730E-004
   9.8946873401813503E-005
  -5.5544321341567483E-002
   1.7299123375682241E-005
   6.8971488830073110E-003
   7.1811397203931692E-004
  -1.7655018059062545E-003
  -1.4862243347063050E-003
  0.55718524879313236     
   1.1180253687866258E-004
 -0.31473752576157438     
  -8.5928066397740287E-005
  0.61549851538244760     
  0.23965982066451347     
   5.4603305129855657E-004
   2.9799909696856194E-004
  0.23245851770649492     
  -4.8629235158072583E-004
 -0.15261272249020510     
   3.7244399790917170E-002
   9.4675612824717266E-005
  -1.4903740247135154E-005
   1.0040031288187728E-002
   1.1916116185242494E-004
  -3.5487669393067991E-004
  -9.6635860808908167E-002
  -1.0131222499556624E-002
  0.14635871997265570     
   1.0460019342496910E-004
  -1.0132237371142092E-004
   1.7215244326241949E-004
 -0.16115739228570009     
   3.8940111536536651E-006
   3.9700182102635359E-002
  -1.1390467912362976E-002
   1.0748298404174161E-005
  0.10906237410729445     
   9.6621257429874640E-005
   1.8356589562757077E-003
   4.3088175484407196E-005
  -6.8289022218339268E-002
  -4.8324300794131031E-005
  -1.6925259072825622E-002
  -6.9746099946305277E-006
  -6.4643047081896395E-006
  0.87033790862201443     
  -5.1804511903680512E-004
 -0.17532235435264171     
  -8.9146206002024754E-005
  0.22785337014450702     
   4.3493935980721648E-004
  0.18483141038817980     
  -1.6756812127657245E-002
  -1.5722171960710270E-004
  -1.3558817854582080E-005
  0.14537925152882694     
  -6.8367409138227981E-005
   1.3579116642538951E-002
  0.23992820943922297     
   6.7653289194526478E-005
  -3.6765882815355315E-005
  -8.8496576839755911E-002
  -3.5153133357306697E-005
   3.2232651036151212E-004
   9.6481149539564090E-002
   3.4710454870207470E-002
   8.5771353835698477E-002
  -8.5050029386611438E-005
   1.1458308974328835E-005
   2.6757318278748332E-005
  -8.5953096399001033E-002
  -5.0489795034849731E-006
   2.0285624120562243E-002
   1.0209747665608533E-002
   1.8486576508366140E-005
   7.1804629791076144E-002
   2.4722097695251640E-005
  -1.0035391953078525E-002
  -1.8307613216435705E-004
   3.6049288213341711E-002
  -3.1976577503687294E-005
   7.9787427018318841E-002
   8.2942674797163412E-005
 -0.60445476290454603     
  -1.1449569319093467E-004
 -0.19423751504519754     
  -4.0673342451797101E-004
  0.66018986483673936     
   1.2701816797664926E-004
 -0.33807663062958709     
   5.7422589718451064E-004
  -3.4918849736465804E-004
   8.1823170904166714E-002
   2.9174900325672937E-002
   4.3593753115796689E-005
   7.5059526483757480E-002
   4.4506525887833128E-005
   6.0496236042101377E-005
  -2.4666051833464240E-002
   3.4537108733683722E-002
  -2.7919039645845341E-005
  0.12649765712788683     
   5.8368832109694452E-003
  -3.5449979982718095E-005
  -9.4438789741736287E-006
  -2.1592145179654888E-005
   5.6657438022095760E-002
  -3.9177737460108511E-002
   2.3643328367452365E-002
  -1.1421883566894976E-005
   8.3309376353156491E-003
   6.5519272473932623E-006
   9.0556430907958192E-005
  -2.2556318730911427E-002
  -2.2406869215821060E-005
   8.5848549336212700E-003
   3.9257830136546530E-006
   1.2649461726675999E-003
   4.3402911106078673E-005
   6.4691080467358886E-002
   7.2429229078552318E-005
  -7.4830494056254540E-002
  0.24610045115825657     
   2.5020483034278148E-004
  0.24099303244771486     
   5.5046394648545366E-004
  -6.9943780272823108E-002
   1.3747359298365235E-003
 -0.64643848450330943     
   4.2795520845367987E-004
   1.2375705193230857E-003
 -0.24302763765430177     
  0.37923240030681038     
  -3.1908985878789360E-004
  0.35033204174811006     
  -7.5052173909885718E-005
  -3.7235781870375998E-004
  0.11036960333982875     
  0.18203652384415148     
   4.5890857347579489E-005
  0.13762405826702909     
  -7.4332005945794935E-002
   4.3475620254955786E-004
   8.1971660293165188E-005
  -4.1169175522689046E-005
 -0.17120446452887536     
  0.12608567803658602     
  -8.1652720913948901E-002
   4.9155803244740761E-005
  -2.1647379469971834E-002
  -8.3681391638775967E-007
   1.4048644978825032E-004
  -6.0619901209076302E-002
   2.2416808728790072E-004
  -1.1547956830131583E-002
   8.5240927142533939E-004
  -5.5129789688199392E-002
   6.6668022694487029E-006
   5.2304031834484108E-002
  -2.3700723104360386E-005
   3.5395320650926154E-002
  -4.2242495890448378E-004
  -5.8497452574455988E-002
  -4.4593308255870063E-004
  0.41966120338547408     
   5.2045816700387125E-004
  0.74601437873430820     
   1.5598230229513603E-003
  -7.7150023881202262E-002
  0.25251095551193004     
   1.1688178622638727E-003
  -9.5252778593245854E-005
  -8.2149543672949230E-002
  -2.2202979460105818E-004
 -0.10297174593863789     
 -0.20484169825785081     
  -2.1177655746249815E-005
  -1.0624109195763872E-004
   4.0848412035030306E-002
  -8.2926800043260846E-005
   7.8132231772798843E-004
  0.21770326924653194     
   5.9201263833796383E-002
   2.3622779587331905E-002
   1.9824970661331084E-004
  -1.6846442898467377E-004
  -1.5057810704188261E-005
   5.0020944785345335E-002
   2.9083714612057638E-005
   2.4483926990441197E-003
  -2.4065916310153260E-002
   1.0574360485267573E-005
  0.22271623141289215     
   9.0325114183949120E-005
 -0.16972461331889246     
  -3.1043746196780910E-003
  -8.2455075029717884E-003
  -6.5716274322085154E-005
   1.3932411373784846E-002
  -6.0483185230576317E-005
  -2.5512295452121108E-004
  0.33140740732490981     
   5.7749120482982039E-006
  0.55325071689006367     
  -1.9911542259990478E-004
 -0.30792016094413643     
  -2.0604163805888779E-003
 -0.65607544659976313     
   2.6610993033714742E-002
   6.4989266639796958E-004
  -1.3995565549467630E-003
  -8.7952999006456270E-002
  -5.1504603209224598E-004
  -3.2707612418337258E-002
   7.3178244333834810E-002
  -2.2815450425281420E-004
  -3.2585344879631199E-004
  -6.2504259656429653E-002
  -2.3338425612296819E-005
  -1.2292851712453765E-004
  -5.9891323323519985E-002
   2.8128762513759849E-002
  0.11015871115166642     
  -9.4581746533875917E-005
  -3.0970731059115605E-005
   1.8849030632004749E-004
   4.4064139383800660E-002
  -1.3669814134454885E-005
  -5.7467472693574925E-002
  -5.7971191980526159E-002
  -2.3386006195084291E-004
  -9.7347334532972854E-002
  -6.8094070854284722E-005
   4.2033636984124371E-002
   9.3232590179351802E-004
  -5.9357803641072515E-002
   1.0601819084312180E-004
   1.2832125226037994E-002
   3.1395084932406689E-005
  -3.1938060580844564E-002
   6.0166728136158156E-004
 -0.21321575874677184     
   7.1559921056620133E-004
  0.16299539077143227     
  -1.5248110934856980E-003
  0.57707951076554498     
  -1.9188662477388505E-003
   8.2437901122074339E-004
 -0.22579268280138559     
  0.62690407847669505     
  -4.2562896228942490E-004
  0.28986747998450246     
   3.2852270902827036E-005
   2.3105573216552274E-004
   9.4347481768793415E-002
  0.18257696844571591     
  -2.2890395034961281E-004
   2.5172848100291186E-002
  -2.7110426120552811E-002
  -1.7498731110314789E-004
   2.9218006996777551E-005
   2.0589391610895962E-004
   5.2173829984512879E-002
   2.0360075251484477E-002
  -9.5100337674209223E-002
   4.7614970002260557E-005
   6.6961520401553776E-003
  -1.1607500673573272E-004
  -2.0151483104920417E-004
   3.8752606828401995E-002
  -3.3279822543654875E-004
   1.3916532499463839E-002
   1.6830917154973125E-003
  -8.0229027658902954E-002
  -1.3623440908885334E-004
  -3.8655574812263324E-002
   3.8490283041123693E-005
  -2.1194355921300020E-002
  -6.0003373304124830E-005
  0.18625652382564678     
  -1.6587871324006410E-004
 -0.12575218052756315     
  -6.7464337678088023E-005
 -0.23029412302784946     
  -1.7090275305719504E-004
  -7.8576515552691101E-002
 -0.16831322560053594     
  -7.0061165780598001E-004
  -4.5802071890694808E-006
  0.30886168026438915     
   1.9049472268789986E-005
 -0.22758475871855099     
 -0.76944960401928153     
  -5.3936604753094946E-005
   6.1564788422397649E-006
  0.14332830959855239     
   1.5446309137315766E-004
   4.6109605395020816E-004
  0.18156412967916988     
   8.6772560934147897E-002
   2.7776956403566339E-002
  -3.7771753131185679E-005
  -8.5107931123095595E-006
   1.5219090960782742E-005
   3.2208205931215463E-002
  -1.0849137231061564E-005
  -1.4607666031272592E-002
   2.0362295584356371E-002
   5.9398794248231145E-005
  0.21765315208511635     
   3.6497378616103834E-005
  -8.6903823322596899E-002
  -1.5543175348250050E-003
  -6.3750114083583456E-002
   3.6609512713882338E-005
   1.5666335029302404E-002
   1.3263149485831555E-005
   4.9733047265419481E-002
  -2.0536384864806872E-004
 -0.24326757623301618     
  -5.8233932489570718E-005
  -7.0790513125218557E-002
   1.0226736750822590E-005
  0.11940147462254158     
   2.9067751451705550E-006
   3.2540144452670669E-004
  -6.4207812039713374E-002
 -0.56877425149454430     
   1.8213316682693661E-004
  0.63920437515078199     
  -1.1693790528203628E-005
   1.1377336052003480E-004
  -1.9559833689385682E-003
  0.23445945297352133     
   4.5045892371744410E-005
  0.28597849271223891     
 -0.20139035273322806     
   5.2827115917042779E-004
  -7.9039454829366241E-007
  -7.8525849710019327E-006
  -6.3316981047729978E-003
   2.4554828287578257E-002
   5.2500094998066585E-002
   1.1104915538814331E-005
  -1.0811644591410948E-002
   1.1878915820975795E-005
  -1.0088607954427485E-004
   3.2231876389420711E-002
  -7.7351333050718825E-005
   6.7443502789840013E-003
  -3.8409440501266997E-004
   2.2025314385483347E-002
   6.0380859328673718E-005
   2.1608030260270999E-002
  -1.4720188397264124E-006
  -6.4247375325892004E-004
   1.2050506595249603E-004
 -0.21598231833546061     
   1.5471511443177369E-004
  -1.5735443877752345E-002
   8.1822514719710149E-005
   5.0679567374370795E-003
  -2.9835490681709301E-004
 -0.24706683483764719     
 -0.21912860320951977     
  -8.8054555570864083E-004
   2.5184558428924811E-004
  0.54074934456663315     
   1.5226284710288752E-004
 -0.10823334523210248     
  0.44721050673895874     
   3.2758748974159745E-005
   1.4561640955441651E-005
  -4.9355678152255743E-002
   3.0116004094332478E-006
   2.9710124180709277E-004
   8.9687371047966591E-002
  -6.6892556112407575E-002
  -7.2994745615175508E-002
  -1.6383988536814650E-005
  -7.3411230627089684E-005
   2.0452285210800605E-005
  -7.2893682059600381E-002
   1.0497119349053762E-005
  -2.0106121670950525E-002
   6.2454826902861353E-002
   1.7524453165567469E-004
  0.48446129205486904     
   1.2374622498603999E-004
 -0.20791852144563622     
  -3.7839477900610229E-003
 -0.17899005709043259     
   7.9577767785029484E-005
   3.2669833274029322E-003
   4.1291074992017948E-006
   9.8892088593443075E-002
  -1.8706165483245274E-006
  -5.3425295832280992E-002
   1.7361384014097795E-005
   6.0065881155125699E-002
   2.5535259884259751E-005
  -9.9199014761582993E-002
   1.6631721571327301E-004
  -1.7484074133585520E-004
   4.8060816868453524E-002
  -9.7421811327559310E-002
   1.6898177092149465E-004
  0.23009045772303696     
   3.1089486253972116E-004
  -2.2608187061211134E-004
 -0.10226498753852699     
  0.38604608476040037     
  -2.0644576265649496E-004
 -0.54732274728918973     
  0.63702493508223346     
  -1.8519150721360486E-003
  -1.2738807075351151E-005
   7.6777561064446571E-005
  0.11513013438723889     
 -0.14135355400117239     
  -4.7036909844293096E-002
   2.9684052431299190E-005
   3.6288333018843856E-002
  -3.7759160156918451E-005
  -1.5873691127886113E-004
   4.6818360187929987E-002
  -1.8605680033603571E-006
   3.5787982143912635E-002
   4.6100072490637726E-004
  -2.5762601288149656E-002
  -2.7681282924412656E-005
  -5.7563470516047342E-002
   1.1990963269902066E-005
  -1.0176240588226717E-002
  -3.3702085759424319E-005
  -1.1499325459266395E-002
   2.8773457555242177E-006
   8.8807418117008471E-002
  -4.3128374135082986E-005
  -6.5039341573341833E-002
   1.0323875577690789E-005
  -4.8833825741416712E-003
  0.15823775694980644     
   6.3404099170659553E-004
   1.0931875130816125E-004
  0.30301614580400560     
  -1.6600175783332765E-004
  0.88976966585676187     
 -0.10819036456368486     
   9.1172971410337166E-006
   3.0799832757136084E-005
   1.9283105354887187E-002
   3.0089052437328600E-004
   3.4465577318862974E-004
  0.18362033772948705     
   9.2888994916818901E-002
  -2.5606788137550095E-002
  -6.1003808418199121E-005
   8.2224091658303063E-005
   1.9791524966751654E-006
   6.1271786400838357E-002
  -2.9296676187501190E-005
  -6.6240609693621888E-002
  -9.1328456350004625E-002
  -2.6444995810573921E-004
   2.4193192334086969E-002
  -2.5629671955005457E-005
  -5.3243853972952337E-002
  -9.7025543960678386E-004
   6.4656042898669705E-002
   1.9411762337294813E-005
  -4.0349970915146589E-003
   5.2938873915481167E-006
  -2.1319236020563348E-002
  -8.6254119082407202E-005
 -0.13763082324600551     
  -3.7457179953700593E-005
  -5.4015497284426298E-002
   2.7138742940592893E-005
  -8.5558124771317898E-002
   4.8047725225511090E-005
   3.5301195972335772E-004
  -6.8390422046542151E-002
   4.0724089536852713E-002
   1.5643733041339878E-005
  0.43727088738421577     
   1.5971432957658587E-004
  -6.1481538707166877E-005
  0.11750368061489924     
 -0.81557810093409222     
   7.3331381570486409E-005
 -0.26032719441742064     
   8.9338520133743785E-002
  -1.4228475891103054E-004
   5.8227593764884723E-005
   5.0447536849728102E-006
   8.0001508419884654E-002
  -5.1804383336439337E-002
   1.1515583908692265E-003
   2.0396998372839566E-005
   2.9171761424144030E-002
  -1.5364582817529031E-005
  -9.6336008436097152E-005
   2.4593913676561267E-002
  -1.7473556956954464E-005
   2.2763155096462199E-003
  -1.3847579685979976E-004
   7.7232696571493962E-003
   5.4315788132467123E-005
  -8.4659169355707733E-002
   4.4798944716801929E-006
  -1.8003610624270933E-002
   1.7888025322580195E-004
  -9.8915621781167362E-003
   1.2581128459029719E-004
  -7.1290545635958977E-002
  -5.0717764251335220E-005
 -0.19728040022234050     
  -3.0836229498351717E-004
  -6.9248683780943177E-002
  0.32896002146558467     
   1.9031569241773506E-003
   2.7565947735458835E-004
   1.6568889502866613E-002
   1.4467439306088491E-004
 -0.21240451385058046     
  0.23693191951247333     
  -2.4042655765509427E-004
   2.1135003225444810E-004
  0.47749630795650255     
   3.0545402723659517E-004
   1.6404067515620193E-003
  0.50116781755366657     
  0.16606847294575616     
 -0.18460055699242994     
   2.1606044317552551E-004
  -3.1810391370055556E-004
   1.3315856709149139E-004
  -4.6695744370028117E-003
   5.9918107951684895E-005
   1.9736140475042241E-002
  -5.2867299211149417E-002
  -2.8480823856823543E-004
  -4.5376997051563658E-002
   2.1422452022415512E-004
   2.5845416361567498E-002
   4.4885005007388795E-004
  0.43575119131820544     
  -9.9829684769986221E-004
  -6.8662340922533191E-002
  -2.0464270438545418E-004
 -0.14714590930961038     
  -1.5235252393128174E-004
  -4.8726518130835249E-002
  -1.1778368397502712E-004
  -1.4846976740625643E-003
  -3.1410164363175256E-004
   5.8497612436957357E-002
  -1.7890268434768636E-004
   2.2035328797722353E-003
 -0.45600617625711831     
 -0.17449526179521313     
   5.6433235747227756E-005
 -0.11974524795443729     
  -2.6458229130651512E-004
   3.1691188971670110E-004
  0.22956406857181208     
  -1.3691301262255500E-002
   6.2425845634782665E-004
 -0.24406200790899787     
   4.9699150971217722E-002
   5.3286198502994664E-004
   2.6580996532196211E-004
  -2.1201842342513343E-004
 -0.13858227364337150     
  0.23364204520284618     
  -9.8221070107461880E-002
  -6.5912812491566446E-005
  -6.8938039525282574E-002
   3.4462544692142257E-005
  -4.2574167465810856E-004
  0.12542175580543444     
  -3.3249648203893542E-005
 -0.13237504063076413     
   1.7761402306655497E-004
  -7.6756376459675927E-003
   6.9145082105192797E-004
  0.68273466300294783     
  -1.6881356709981670E-004
  0.13136817324950653     
   7.5846725829904815E-002
  -4.2755744239407718E-005
  -4.1189141809137159E-002
   2.5308159215580030E-005
   9.3312800710333751E-002
  -4.3170244648261964E-005
  -1.2200712783872285E-002
   1.1807313777184613E-004
   6.2110737785927810E-005
  -6.6229106944312596E-002
   8.8407374915753737E-003
  -2.5855015089680452E-004
   2.6111791700211308E-002
   4.6225718756060656E-005
   1.5042769770200781E-004
 -0.51928869901959451     
  -2.8291310183822853E-002
   1.4886553213850715E-004
 -0.11106238111366017     
 -0.13106670024785130     
   8.6911010391979636E-004
   2.4422210306324299E-004
   1.7448240360845791E-004
   9.4637939781760508E-002
  0.29842832372077255     
 -0.29435939849615561     
  -1.4894961394240486E-004
  0.12198223040284223     
   4.4193425841125127E-005
   1.2134964364443169E-004
  -2.5303691635753439E-002
   1.4242455471385164E-004
 -0.61709472646398233     
  -5.4385242132431030E-003
  0.29534048065396817     
  -3.6433365764651461E-004
  -9.9913942315659199E-002
   1.1036333998209163E-004
  -1.8578737269035289E-002
  -1.5849393027266904E-005
  -6.5079751081522016E-002
   2.6930642386473020E-005
   8.8005251916010052E-002
  -5.8723735221618728E-005
  -3.4217301140311775E-002
   1.1003273708902425E-004
  0.13724642545146373     
 -0.33899750021000724     
  -1.2685431660334418E-003
  -4.3996989610917765E-005
 -0.18422399170194670     
   3.7079947050567839E-005
   5.2000124254995686E-002
  0.11982388663009633     
   3.1033349825221757E-004
   2.8482187583716131E-005
  0.12949575690126217     
   1.9729982747016052E-004
   1.9577739751593577E-003
  0.59806900612389258     
  0.11628044878284606     
  0.25063112105392882     
  -1.4700070523214302E-004
  -2.1847524752499482E-004
   2.0124802868006969E-004
   4.4759123218615776E-002
  -7.1690500658051651E-005
   4.3873200059028540E-002
   7.8798718425941092E-002
   2.0489625264304660E-004
 -0.20988846263185174     
   4.1328124018262871E-004
   7.3660687061149852E-002
   1.1258787077692242E-003
 -0.52171019473287672     
   1.9179427696243705E-004
  0.13962321544277970     
   9.3833207795073108E-005
  -6.3207134682435363E-003
   1.9326960634154622E-002
  -1.9220042899780563E-003
   4.0717144932555224E-002
  -4.1833089974427527E-003
  -8.2937892506605923E-003
   1.8636890118687182E-003
  -9.3644453853612405E-002
  -2.5123029892562192E-002
  -3.4640021865838602E-002
   1.4653967609548348E-002
 -0.10061679059105037     
   5.3731354090123988E-003
  0.12127431183343149     
 -0.10248867896558751     
  -6.6279824667694873E-002
  -1.5806581647545628E-003
   5.2112690865026040E-002
  -1.4946265249196690E-002
  -1.4892950848569000E-002
  0.19301428088731340     
 -0.67381925458054925     
  -3.7913653344496126E-003
  -5.4287456754588966E-002
  -5.0814778255994224E-002
   6.7894177072112066E-002
 -0.44911191050595572     
   5.0926369583242127E-002
  0.41008771397620175     
   6.2879635792149766E-002
   2.6763689277985755E-003
  0.12173758971107186     
   2.0531686375982221E-002
  0.20445637301773587     
   3.4906111632008421E-002
   8.5244655201458241E-002
   2.1029092161050509E-002
  -1.1974880890575336E-002
   1.0807536819069824E-002
   4.3110701341256566E-002
   2.8082849909321726E-003
   1.2891455944556176E-002
   5.9695434512274624E-003
   2.8774629871323471E-002
  -1.2432393882436010E-003
  -1.3360086568408621E-002
  -1.3688717141654785E-002
  -4.6572751607609590E-003
  0.23549713828629112     
 -0.10051010113156661     
  -1.4630518351333943E-002
  -3.6619088000514423E-002
   1.7735403286763221E-002
  -1.5054974775312712E-002
  0.45173937830113975     
   1.0718970540946600E-002
   7.5251866516283118E-003
  0.10193167823983668     
  0.10530284684441631     
   2.7973024265859205E-002
  -9.8637518713243888E-002
  -4.2421879615602942E-004
  0.37056553317232738     
  0.34675262816868213     
 -0.46276910068750088     
  -6.6126709873746220E-002
 -0.34739181673165787     
   6.0159615582791280E-002
   9.3115813729201125E-003
  -1.6991381414793887E-002
   1.7880963862257009E-002
 -0.13952327822419650     
   3.3994999021627739E-002
 -0.21195370601312832     
   1.2441540303212453E-002
 -0.14350410701210020     
  -1.6875324810876407E-003
  -7.3817866182614281E-002
  -4.3250644201738477E-005
   7.9036417276262150E-002
  -1.3344393671547105E-004
  -3.4871046397914870E-002
   3.0542333156714808E-005
   9.5241184830035269E-002
   9.3381302401959585E-005
  -1.9385070579786834E-002
  -2.4167003212854952E-002
   2.3751321677127887E-005
   2.4573527265553497E-005
  -3.7742992867560148E-003
   1.3304589876388292E-005
   6.3117552376323258E-002
   4.2488161802649207E-002
   2.0642476858031550E-005
   5.1419437757746022E-006
  0.66630028184069046     
   4.9799736832274395E-006
  -7.6531094685700519E-004
 -0.34742371417255263     
  -2.2559335902098132E-002
  -8.6097886704959353E-002
  -2.1736420861032864E-004
   1.2484091282068918E-004
  -8.9403766303282166E-005
  -6.8913066633288500E-002
  -3.8564014113985458E-005
   8.3144554872940785E-002
 -0.51377591978844062     
  -1.4063816646250195E-003
   4.4521155938080141E-002
   2.6385719374569380E-005
   1.8524936890117694E-002
   2.9517781465900414E-004
 -0.35159834953425090     
  -3.2259523358063979E-006
   5.0447552677707418E-002
   1.3943220445083440E-004
  -5.8091427684607851E-002
   4.2230550885184666E-004
  -5.1918372610567719E-002
   5.0072580087517460E-004
   9.2977609819769311E-002
  -2.4401333997242785E-004
  -3.5668244546483686E-002
   5.6585306708178496E-004
  -6.2532046742101873E-004
   8.4055950513049885E-002
  -8.0544839453690259E-002
  -4.9322060465828809E-005
  -3.4122572509702881E-002
  -4.6458655736136873E-005
   4.9200335996718122E-005
  0.20327976261741632     
   9.3766485520168197E-002
  -1.5113639916866173E-004
 -0.37975555574991460     
 -0.37366631730878808     
   1.5051202311155470E-003
  -1.0858366136378623E-003
  -1.9464194773952594E-003
 -0.48156392857499525     
  -1.2989248035896937E-002
 -0.23583272496180663     
   2.0623262902273436E-003
   7.7163213434000399E-002
   6.1801460247026287E-004
  -1.1450069573772823E-003
  0.44601555356316241     
  -7.1954000433640587E-005
   1.9076951259264077E-002
   1.1841628473153740E-003
  -8.3394726000722078E-002
  -5.1171641492369203E-004
 -0.36541962667626160     
  -6.9627211745839235E-004
   4.3584930449905121E-002
  -2.3988366809919056E-004
 -0.14969321096148266     
  -2.2641393077684879E-004
 -0.14519600966834273     
   3.2367643318786504E-004
   6.7884541429129946E-002
  -1.2874973938905863E-004
 -0.14867150984574992     
   8.0360985521254300E-002
   8.0739242568175057E-004
  -1.8220223830217982E-004
   3.4173891796653443E-002
  -7.9146584252012402E-005
   1.1675145652379171E-002
  -1.9762112471376127E-002
   6.1422585820837886E-004
   2.4237718053906742E-004
   3.5797788179931962E-002
  -1.0597201952213587E-003
  -9.7090863897127718E-004
  -8.2796395496814820E-002
  0.32509467417217897     
  0.55432821435079538     
  -2.5087301375035930E-003
   5.1295266175527591E-004
  -1.7471872212453893E-004
 -0.62599419348214758     
   1.0483261099218565E-004
 -0.19646756119536046     
  -1.4590525484098400E-002
   1.3002032587162069E-003
   1.2225745701688729E-002
   7.4773444638022457E-005
  0.11236740409339166     
   1.8283778697706099E-003
  0.12815592489214658     
  -1.5198070637077873E-003
  0.20160394799113271     
   6.4527438592050588E-004
  -5.0070976944961515E-002
  -2.5224450997188306E-005
 -0.19318461387832922     
   1.5174143610429335E-004
  -1.5857436647567617E-002
  -1.8713329807412514E-004
   8.2296739345739778E-002
   1.2175230147796368E-004
  -8.5962950757150511E-004
  0.18356594454085315     
   2.2659516817687089E-002
  -4.8745708799537335E-005
   1.6394113022917538E-002
  -6.1921469098570757E-005
   1.5464994625834866E-005
  -6.7731380755609458E-002
  -9.9427320737594221E-002
  -3.2981351240708723E-004
  0.22583608763114812     
  0.44082374666065449     
  -1.1874947309477644E-003
  -4.5246062744598879E-004
  -7.7633885817200894E-004
 -0.60637275990340256     
  0.38117408693043336     
   1.7460858183283079E-002
   8.0333468149327138E-004
  -8.0367381183992656E-002
   2.5004847541096591E-004
   7.3462486650109171E-004
 -0.18228122604633315     
  -1.6310878070922905E-005
  -8.9677317063548753E-003
   3.0948594608243864E-005
  -9.7448770655663656E-003
   3.8366223673513181E-006
 -0.11684001476210990     
  -5.0699249988384271E-004
  0.30342279655524973     
  -6.8935788749480517E-002
   4.3806046363240855E-004
   1.9781727314166667E-002
   8.2121855747004904E-004
  -2.6709749470088980E-002
   2.5514311645121016E-004
  -3.0406277908097891E-002
   1.9541809168879899E-004
  -7.7842155202714096E-004
   1.1225573033004255E-002
   7.0032285857304769E-002
  -4.8529709541208647E-004
   2.1785700044415258E-002
   1.0258281683299775E-004
  -4.6074333073444315E-004
  0.13080746292832823     
   9.7483142752635019E-002
  -9.8462295446078525E-004
 -0.19792187397597646     
  -7.2452827197323919E-002
   6.9350125399670172E-004
   2.0415833994899516E-003
  -4.8040092497768673E-003
  0.16686232448364269     
  0.49375613911001093     
  0.69565518495521150     
  -3.3550036806696717E-003
 -0.21128360234349686     
  -8.9037829754572508E-004
  -2.6518425623892636E-004
  0.18959991605280699     
  -4.6189813538555880E-004
  -6.5188249763469430E-002
  -3.0372079909268207E-003
  0.20262715267785048     
  -1.5502267706671705E-003
 -0.18550271527680440     
  -1.6345170480576475E-003
  -2.7172122369714644E-002
  -4.7704381650856971E-004
  -5.3555946113342953E-002
   2.3813292557189807E-004
 -0.10609453030503131     
  -1.9862416869195236E-004
  -3.1554202285347555E-002
  -2.7732516394214201E-004
  -1.4970586390976341E-002
   9.5982397447347018E-002
   4.2002457538991688E-004
   5.3472575012967170E-004
   5.9258755059230277E-002
   1.5019509051180088E-004
  -1.3989440753166306E-002
   6.4809589404093496E-002
   9.3157736479145589E-004
   6.9409742831101889E-004
  0.14230125564426505     
  -1.3835460768029017E-003
  -6.8983879780358092E-004
  -5.7691657050785300E-002
 -0.30944283115072901     
  0.65595878397311991     
   1.0987831252992606E-003
   3.5504791623404016E-003
   4.6484443071072353E-003
  0.53449539053297646     
  -1.5129891052847616E-003
  0.14872420986589602     
  -3.9474841429526675E-002
   1.2260452126585386E-003
   7.4889428586790971E-002
  -4.6928949286407172E-004
 -0.11546178516778483     
  -6.5343961240300192E-004
  0.19838938054173566     
  -1.4016720857363211E-003
  0.22408440938562230     
  -6.5916495926115356E-005
  -3.3653398677770612E-004
  -2.8086676829800206E-002
   5.3065115191619321E-004
  -1.8827949794912747E-003
  -9.6965655677064343E-004
   1.6099443025159112E-002
  -1.3864605627983146E-004
  -7.6821318087375634E-002
   3.7475803504767709E-002
   2.3546015342070115E-003
  -9.5388144227152947E-004
  0.16262277979314546     
  -8.0851068671780081E-004
  -1.3816661790491805E-002
  -9.8358180492062706E-003
   8.0624770438575948E-003
   6.9266209962646412E-004
  -4.2990871627889324E-002
   2.9379796694137422E-003
   2.7252044003392216E-003
 -0.10166912099192540     
  0.26614886014941064     
  -3.8042773263170321E-002
   2.6588519946389392E-003
   4.3389073055173652E-003
   6.5838952918933907E-003
 -0.11591466656744272     
   2.5940645514584748E-002
  0.71173744429953045     
  0.10447873949212950     
   5.0985403110830670E-004
 -0.36178500724929741     
  -1.0777033699086109E-002
 -0.44715209474857581     
  -2.2413859688287057E-002
  -6.5220737134792451E-003
  -4.9423284349794146E-004
  0.13111834328039595     
   9.8032692718882757E-006
  -1.0309870080709837E-002
   9.4942404218527029E-004
   1.4840593149552737E-002
   6.8692290191283193E-005
  -2.9250377752578983E-002
  -5.5071905328901933E-004
  -2.0414360693260108E-003
   2.6158480438226886E-003
  -1.5424875577396276E-003
   6.5144278494358582E-002
  -3.0575321949267809E-002
  -5.4908929405458337E-003
  -2.3873450525129750E-002
   4.5711648459096320E-004
   3.2178519648284762E-004
  0.23811241964271479     
   2.0355407963086880E-002
   1.4304092790751886E-003
   8.7306880915791571E-002
   8.9587963203010726E-002
   3.1776254069269321E-003
  -8.9991879718858865E-003
   1.3420574533943149E-003
   7.9064789430492860E-002
  0.12957786059961748     
  0.19410858715511006     
   4.0199499032117815E-003
  0.76188952616162797     
  -2.4025334216644774E-002
  -3.5982557719455360E-003
   6.3710232617380782E-003
   1.2438008792915935E-002
 -0.31743813116605057     
   2.2992181136239877E-002
 -0.42027051057669573     
   2.2280069735720046E-004
  -1.4765510129842856E-002
  -4.5042454607272511E-003
  -3.2580152804714767E-003
  -1.5168327347710002E-005
  -2.4754561052849722E-002
  -1.8290231845908514E-006
  -2.7924360910683677E-002
   6.2057221186100159E-006
   2.9245583756008362E-002
   5.9515507788324046E-005
   1.3326218183535830E-002
 -0.16132013121857022     
  -7.4217737334317832E-004
  -2.5861645431705845E-005
   3.0913504513073335E-002
  -2.2537229272081485E-005
  -5.0129028619197567E-002
   1.1168565755866789E-002
   3.5044642551224161E-005
   4.8806334632226666E-006
 -0.20942456547269470     
  -6.6814991643457074E-005
   3.3946920855547509E-004
  0.13506961707644932     
   4.8824396422324494E-002
  0.27298790427116393     
  -2.5389676097045173E-004
   4.1620157505128106E-005
  -3.0475582637123066E-006
  -3.0097107291909401E-002
  -3.8892248762114850E-005
  0.13129220840595213     
 -0.51852173366939402     
  -1.7364784714176669E-003
  -6.0374129887921985E-002
   2.7037100198158573E-005
  -7.4527850550775182E-002
  -1.3203542818837485E-003
   8.6263554547944529E-002
  -6.8785829554233614E-005
 -0.72477080703491426     
  -1.0293542443975665E-003
  -4.4402323459174525E-002
  -5.5779272904135497E-005
  -5.5673545416979171E-002
   1.2621659316865201E-005
  -3.9132254107376412E-002
  -5.4538616028805256E-005
   4.0120661781944338E-002
  -6.6846224077652162E-005
   6.3725736657727463E-004
 -0.13421601354451543     
  -7.7838708475838791E-002
   2.5219156316504391E-005
  -3.8807794613727853E-002
   3.9004904077428909E-005
  -5.2964952023683952E-006
  0.11302679382854007     
   4.1165707999240783E-002
   1.8404687058820192E-004
 -0.18541182631331141     
  -4.9828811078916208E-002
   5.8983695695707654E-005
  -3.5770333964985391E-005
  -2.5621763449280909E-004
 -0.27241374453809247     
  0.10027190243086394     
   1.5307665255169401E-002
   1.9793494498862802E-005
   5.3796202680760829E-003
  -7.1139345253334004E-005
   1.8262425905150440E-003
 -0.53047884017197677     
   2.5597358150624374E-005
   6.3741754380388441E-003
   7.7246794388467494E-005
  -2.2672325381188807E-003
  -9.3648339337613315E-005
  -7.9718692074315992E-002
   9.4667136997247058E-004
 -0.73657214910510938     
   2.7046365352038248E-004
   6.9656094538842361E-002
  -1.7953511976830444E-004
  -4.3891276841353272E-002
  -8.1725699917839100E-004
 -0.21672793736470525     
   2.5036093816461065E-004
   7.1457909643136405E-002
  -2.6077240190184450E-002
   4.0880639671676587E-003
   1.2143739892271799E-003
 -0.47401418271415119     
   3.4612522050765952E-004
  0.10678731305776513     
   1.6825279062127437E-002
   1.2744950615846172E-002
   1.6152081310831961E-003
   5.2411995647209060E-002
   3.1008192391719777E-003
   3.4404444677403716E-003
   3.0132203910280906E-002
  -9.8256696015934133E-002
   1.7738465224367922E-002
  -1.3961717393464030E-003
  -5.0257755781673739E-003
  -1.8234500291098893E-003
 -0.17798610104018334     
   5.8065634334634160E-003
 -0.20847250795507719     
   9.7511227959660215E-003
   2.4143843213428746E-004
  0.23054321062346231     
  -3.6524551829574953E-003
 -0.74915575602788820     
   5.8649184074204231E-003
   1.5602308804515366E-002
   1.1181360543913862E-003
  -1.6802188817004595E-002
  -3.8254821093491436E-004
   1.2452421798752888E-002
  -1.8020863073324913E-003
  -5.3666589262662268E-003
   1.1419736847149010E-003
  -2.8901006682647928E-002
   5.5972440231324876E-003
   1.3722901963224609E-002
  -1.8545375137265629E-003
   1.9342193335120837E-005
  0.16478414248433726     
   5.6394329246946380E-002
   1.2263219928092194E-002
   1.4122250012602434E-002
  -2.7674411990353267E-003
  -4.7332331314830031E-004
  0.48722093345053397     
   6.1519529352659967E-002
  -1.3607752714846833E-003
  0.11734598235938004     
  0.12702415753713653     
  -1.1611473634212900E-003
   2.4276842376898360E-003
  -4.5905321156879646E-004
  -5.4627317058661869E-002
 -0.19333152065746920     
  -6.9949623641234526E-002
   4.5359923603786999E-003
  0.22062153436627871     
   5.2971290947782801E-003
  -2.7230620024945747E-004
   8.1187214779477167E-003
  -6.0578084604525186E-003
 -0.14832395570689499     
   5.4612934864344681E-003
  0.76056720226082486     
  -3.9626766648117234E-004
   4.6636501256536352E-002
   4.4671677817655802E-004
  -1.5199181364372169E-002
  -1.4975805678100836E-004
  -1.0659362854269562E-002
  -1.7539900687396599E-006
  0.31569682780347580     
   9.1288061017136626E-005
  0.10215286568107147     
   2.2039213882245443E-004
  0.12388070093090814     
 -0.71244679072311567     
  -3.3503656385198309E-003
  -9.2012544555380836E-005
  -9.4561099279478287E-003
  -9.5322031013918071E-005
   7.2160919723580200E-002
   1.4947532544541783E-002
   1.0190266959476253E-004
   2.3640690925690749E-005
  0.19148872609484049     
   6.3349023947708175E-005
  -1.3884233405871604E-004
  -8.8220944558144901E-002
   9.5963763614370590E-002
  -4.9431164424233863E-002
   1.3403449856752767E-004
  -9.6121871616013858E-005
  -2.9779189946041803E-005
   2.1275995490953083E-003
   1.2659157532546897E-005
   1.2214010823359319E-003
  -6.7982087179992278E-003
  -1.0298075169564290E-004
   1.8874871370176505E-003
  -4.5497195737408417E-006
   8.1157470225059498E-003
   1.9850901850578719E-004
  0.53637307982673088     
  -5.2020435627970173E-004
  0.13193531535460393     
   2.3170037775810596E-004
 -0.20472189814544525     
  -1.4248139737343261E-005
  0.14872228780963939     
  -1.7456674919362283E-004
  -7.4548455128621580E-003
  -7.2578362043018797E-005
   4.7436836375971845E-003
  -1.3792129326275715E-004
   3.2225597942014531E-003
 -0.69178243765869185     
 -0.18206987860381882     
   1.3847351824352553E-004
 -0.14711335947635093     
  -7.4541254707700017E-005
   4.6885974815512210E-006
   7.8772865875820372E-002
  -5.9449906119111839E-003
  -2.2719777832270555E-004
  0.17924372311062878     
  0.21469144379436750     
  -5.8506393351659663E-004
  -7.6332853850787831E-005
  -3.2060803608126211E-005
   7.8270021383721175E-002
  -7.7910086218138205E-002
  -4.5757408249469694E-002
   5.4151150008977086E-006
   1.6035905386920388E-002
   2.3859008145143488E-005
  -5.9538365424596193E-005
  -3.2734237937431490E-003
  -4.9853564394786839E-005
  -8.6317510192115328E-005
  -1.1474076564689075E-003
   6.8766080064278520E-002
  -5.6367866873498998E-004
 -0.53182980192268836     
  -1.3055537649914330E-004
  0.12623218226542943     
   4.2127779254543828E-002
   7.9800442202702002E-005
   3.0476214249263157E-002
   5.3841490461819651E-005
  -5.3864173501603239E-002
   8.4635680120947738E-005
  -8.9682914606294632E-003
  -1.0580505556102583E-005
   3.5698984750110146E-005
  -3.3552912347267073E-002
   3.2700233285729928E-002
  -1.6624423051938301E-005
  -2.2675708213036730E-002
   5.9139400984498072E-005
   2.6304988757704846E-005
 -0.15624500402250538     
  -9.2995756941737215E-002
   2.0678360285585661E-004
  0.32423923153425527     
  0.30519530733535621     
  -1.1057700506519805E-003
   2.4070112692701089E-005
   3.6777900839768399E-005
 -0.10658442353515660     
   4.9723786830943723E-002
  -2.5922486841021962E-002
  -2.4015215162022242E-007
  -1.9648657196689946E-002
  -2.3197766037583263E-006
  -1.3400670794532577E-003
  0.65028403509125443     
  -1.3685235755152708E-005
   1.4250131449694368E-003
   9.9417027162000663E-005
  -5.1452490739283263E-003
   6.7419870762264173E-005
   8.2733444443247872E-002
   1.1242886579621981E-004
 -0.56181216411665669     
   7.7317104025653602E-005
  -7.1044548696599666E-002
   5.4913929635833626E-005
  -2.1416834913999348E-002
  -6.0711654959823628E-005
  -8.3794015601940358E-002
  -4.4566118450498325E-005
   3.7757955289856572E-002
   1.8932815864187262E-002
   1.2664967526064411E-004
   2.0647531900065389E-005
  -2.8489640849105140E-002
  -2.0458337224814833E-006
 -0.10285479446452581     
  -2.2568604575280239E-002
  -1.0684501058961928E-004
  -8.3449707090464461E-005
 -0.39863573347588138     
   2.2621392893095943E-004
   6.9406919887219352E-004
  0.19442372683188511     
  -3.7175707244731855E-002
 -0.17593445783362435     
  -7.8717638794009156E-005
   5.7965633209398447E-005
   6.6646176996662681E-006
  -1.3153440125807259E-002
  -8.0634964870595901E-006
   1.1267754835356643E-002
 -0.65083458368290803     
  -1.4534929402780093E-003
   2.1205171846558107E-002
   9.4777322800581320E-006
  -7.6162474130160160E-003
  -1.4359585540230476E-004
   7.6138751344640349E-002
   1.0150860072134893E-004
  0.56084684772904547     
   8.1545965441572796E-006
  -2.0070251628015359E-004
   1.1224837972806934E-002
  -4.4507242108480274E-004
  -4.1722831484583084E-002
  -9.4021271717158704E-004
 -0.14114120385040491     
   3.4073403738293245E-004
   1.0317758973132503E-002
   1.7727002908211501E-002
   1.1255950941801744E-003
   1.2566547157797903E-003
 -0.35779403510774105     
   7.8094711277886561E-004
  0.11209494935293714     
   3.3393242023980071E-002
   5.3953489667053637E-003
   6.7213655862770566E-004
  -7.7835621000552094E-002
   2.0137299808594936E-003
   1.8213265654202400E-003
  -5.2594468396865678E-002
  0.41593695125676061     
   1.3440514110101881E-002
  -8.4059785994320593E-003
  -2.2703469961424080E-002
   1.1508654774210153E-002
  0.12411144710125577     
  -1.9381580915258934E-002
  0.42374336549149538     
   2.9302709345898230E-002
  -1.5219305452276137E-004
  0.61889991588141646     
  -3.1471490359949179E-002
  0.26983613006417412     
  -5.1827508396737661E-003
  -7.3152696235078869E-003
  -6.2791210776810900E-004
  -1.4473746013593684E-002
   4.2924904366478038E-005
  -4.1545043167250289E-003
  -5.2822398566445942E-004
  -9.1879080275751764E-003
   1.9681941175029721E-003
  -1.8873761921604802E-002
   6.6558655983798860E-003
   9.4168046624920777E-003
  -4.9409399381805956E-004
  -9.2329573553413737E-004
   2.1493652899873483E-002
   3.0330347527045883E-002
   1.6871688130431776E-002
   1.6542296778687529E-002
  -5.2948546521210671E-003
  -1.5858186321666137E-003
  0.11156314278695766     
   1.3686045303822988E-002
   3.6920819066040499E-003
   4.2118152534957709E-002
   4.1414101348322616E-002
   2.3682508876265505E-003
  -1.9785932631134831E-002
  -6.7334262541900473E-004
 -0.17589505858211477     
 -0.47588064747098996     
  0.24336896820680867     
  -5.8061093055194312E-003
 -0.40768336823672457     
  -1.9986796645177104E-002
  -1.3768850344418409E-003
  -4.8883103673298409E-003
  -2.9183785944757828E-002
 -0.67032916006370624     
  -8.8989707349177664E-003
 -0.21714849240249248     
   3.4128565786460110E-004
  -1.3312627554374385E-002
   6.8414798160537464E-004
   1.1253723618247775E-003
