        2.01828      0.99918208E-123
        2.02228      0.27190004E-121
        2.02628      0.72189062E-120
        2.03028      0.18699544E-118
        2.03428      0.47259392E-117
        2.03828      0.11653134E-115
        2.04228      0.28034631E-114
        2.04628      0.65802809E-113
        2.05028      0.15069246E-111
        2.05428      0.33669457E-110
        2.05828      0.73396979E-109
        2.06228      0.15610534E-107
        2.06628      0.32393273E-106
        2.07028      0.65582714E-105
        2.07428      0.12954523E-103
        2.07828      0.24966116E-102
        2.08228      0.46943777E-101
        2.08627      0.86119711E-100
        2.09027      0.15414328E-098
        2.09427      0.26918082E-097
        2.09827      0.45862860E-096
        2.10227      0.76238729E-095
        2.10627      0.12364816E-093
        2.11027      0.19565779E-092
        2.11427      0.30206760E-091
        2.11827      0.45499711E-090
        2.12227      0.66866812E-089
        2.12627      0.95876041E-088
        2.13027      0.13412417E-086
        2.13427      0.18306340E-085
        2.13827      0.24377742E-084
        2.14227      0.31672543E-083
        2.14627      0.40148551E-082
        2.15027      0.49654009E-081
        2.15427      0.59915095E-080
        2.15827      0.70536788E-079
        2.16227      0.81020068E-078
        2.16627      0.90796063E-077
        2.17027      0.99274779E-076
        2.17427      0.10590302E-074
        2.17827      0.11022376E-073
        2.18227      0.11192823E-072
        2.18627      0.11089233E-071
        2.19027      0.10719163E-070
        2.19427      0.10109223E-069
        2.19827      0.93019100E-069
        2.20227      0.83507214E-068
        2.20627      0.73143098E-067
        2.21027      0.62505784E-066
        2.21427      0.52115217E-065
        2.21827      0.42394195E-064
        2.22227      0.33646952E-063
        2.22627      0.26054489E-062
        2.23027      0.19684160E-061
        2.23427      0.14509375E-060
        2.23827      0.10434653E-059
        2.24227      0.73215805E-059
        2.24627      0.50122088E-058
        2.25027      0.33477342E-057
        2.25427      0.21815756E-056
        2.25827      0.13870339E-055
        2.26227      0.86040198E-055
        2.26627      0.52073074E-054
        2.27027      0.30748402E-053
        2.27427      0.17714520E-052
        2.27827      0.99571201E-052
        2.28227      0.54605404E-051
        2.28627      0.29216961E-050
        2.29027      0.15252182E-049
        2.29427      0.77683090E-049
        2.29827      0.38602778E-048
        2.30227      0.18715793E-047
        2.30627      0.88531026E-047
        2.31027      0.40858312E-046
        2.31427      0.18397678E-045
        2.31827      0.80824562E-045
        2.32227      0.34643479E-044
        2.32627      0.14487636E-043
        2.33027      0.59111437E-043
        2.33427      0.23531176E-042
        2.33827      0.91393230E-042
        2.34227      0.34632425E-041
        2.34627      0.12804143E-040
        2.35027      0.46186731E-040
        2.35427      0.16254867E-039
        2.35826      0.55814837E-039
        2.36226      0.18698923E-038
        2.36626      0.61120246E-038
        2.37026      0.19491992E-037
        2.37426      0.60650075E-037
        2.37826      0.18412476E-036
        2.38226      0.54538216E-036
        2.38626      0.15761601E-035
        2.39026      0.44444075E-035
        2.39426      0.12227734E-034
        2.39826      0.32824808E-034
        2.40226      0.85978448E-034
        2.40626      0.21974403E-033
        2.41026      0.54801939E-033
        2.41426      0.13336452E-032
        2.41826      0.31671466E-032
        2.42226      0.73401031E-032
        2.42626      0.16602397E-031
        2.43026      0.36653039E-031
        2.43426      0.78988695E-031
        2.43826      0.16618520E-030
        2.44226      0.34139986E-030
        2.44626      0.68496245E-030
        2.45026      0.13424971E-029
        2.45426      0.25712280E-029
        2.45826      0.48141341E-029
        2.46226      0.88156533E-029
        2.46626      0.15798041E-028
        2.47026      0.27724927E-028
        2.47426      0.47689264E-028
        2.47826      0.80478892E-028
        2.48226      0.13339762E-027
        2.48626      0.21745801E-027
        2.49026      0.34912010E-027
        2.49426      0.55283508E-027
        2.49826      0.86477188E-027
        2.50226      0.13382638E-026
        2.50626      0.20517189E-026
        2.51026      0.31200048E-026
        2.51426      0.47106674E-026
        2.51826      0.70668327E-026
        2.52226      0.10539359E-025
        2.52626      0.15631909E-025
        2.53026      0.23064274E-025
        2.53426      0.33861771E-025
        2.53826      0.49481940E-025
        2.54226      0.71994314E-025
        2.54626      0.10433461E-024
        2.55026      0.15066139E-024
        2.55426      0.21685131E-024
        2.55826      0.31117942E-024
        2.56226      0.44524590E-024
        2.56626      0.63523363E-024
        2.57026      0.90361702E-024
        2.57426      0.12814972E-023
        2.57826      0.18118152E-023
        2.58226      0.25537930E-023
        2.58626      0.35890709E-023
        2.59026      0.50301349E-023
        2.59426      0.70317695E-023
        2.59826      0.98064286E-023
        2.60226      0.13644647E-022
        2.60626      0.18941979E-022
        2.61026      0.26234585E-022
        2.61426      0.36246538E-022
        2.61826      0.49953347E-022
        2.62226      0.68667928E-022
        2.62626      0.94157246E-022
        2.63026      0.12879975E-021
        2.63425      0.17579549E-021
        2.63825      0.23944250E-021
        2.64225      0.32549539E-021
        2.64625      0.44162706E-021
        2.65025      0.59802316E-021
        2.65425      0.80815454E-021
        2.65825      0.10897953E-020
        2.66225      0.14663820E-020
        2.66625      0.19688392E-020
        2.67025      0.26380234E-020
        2.67425      0.35279516E-020
        2.67825      0.47099963E-020
        2.68225      0.62782395E-020
        2.68625      0.83562310E-020
        2.69025      0.11105501E-019
        2.69425      0.14736381E-019
        2.69825      0.19521991E-019
        2.70225      0.25816607E-019
        2.70625      0.34079987E-019
        2.71025      0.44909488E-019
        2.71425      0.59081873E-019
        2.71825      0.77606649E-019
        2.72225      0.10179277E-018
        2.72625      0.13333096E-018
        2.73025      0.17439524E-018
        2.73425      0.22776983E-018
        2.73825      0.29701138E-018
        2.74225      0.38666119E-018
        2.74625      0.50252581E-018
        2.75025      0.65204683E-018
        2.75425      0.84477969E-018
        2.75825      0.10929982E-017
        2.76225      0.14124393E-017
        2.76625      0.18232041E-017
        2.77025      0.23508461E-017
        2.77425      0.30277044E-017
        2.77825      0.38945822E-017
        2.78225      0.50029159E-017
        2.78625      0.64176185E-017
        2.79025      0.82207867E-017
        2.79425      0.10516437E-016
        2.79825      0.13436379E-016
        2.80225      0.17147304E-016
        2.80625      0.21859163E-016
        2.81025      0.27835099E-016
        2.81425      0.35403474E-016
        2.81825      0.44972980E-016
        2.82225      0.57052298E-016
        2.82625      0.72276019E-016
        2.83025      0.91438542E-016
        2.83425      0.11553718E-015
        2.83825      0.14582506E-015
        2.84225      0.18387365E-015
        2.84625      0.23164527E-015
        2.85025      0.29157687E-015
        2.85425      0.36667965E-015
        2.85825      0.46066298E-015
        2.86225      0.57809444E-015
        2.86625      0.72461009E-015
        2.87025      0.90718700E-015
        2.87425      0.11344851E-014
        2.87825      0.14172576E-014
        2.88225      0.17688261E-014
        2.88625      0.22056159E-014
        2.89025      0.27477659E-014
        2.89425      0.34198510E-014
        2.89825      0.42517914E-014
        2.90225      0.52800483E-014
        2.90624      0.65492160E-014
        2.91024      0.81140939E-014
        2.91424      0.10042266E-013
        2.91824      0.12417149E-013
        2.92224      0.15341432E-013
        2.92624      0.18940852E-013
        2.93024      0.23368387E-013
        2.93424      0.28809152E-013
        2.93824      0.35486555E-013
        2.94224      0.43670432E-013
        2.94624      0.53687885E-013
        2.95024      0.65937287E-013
        2.95424      0.80905448E-013
        2.95824      0.99187424E-013
        2.96224      0.12150824E-012
        2.96624      0.14874611E-012
        2.97024      0.18195778E-012
        2.97424      0.22240824E-012
        2.97824      0.27160884E-012
        2.98224      0.33136841E-012
        2.98624      0.40386186E-012
        2.99024      0.49171790E-012
        2.99424      0.59812412E-012
        2.99824      0.72694448E-012
        3.00224      0.88284306E-012
        3.00624      0.10714118E-011
        3.01024      0.12993084E-011
        3.01424      0.15744210E-011
        3.01824      0.19060888E-011
        3.02224      0.23054082E-011
        3.02624      0.27856492E-011
        3.03024      0.33627859E-011
        3.03424      0.40561203E-011
        3.03824      0.48889567E-011
        3.04224      0.58892832E-011
        3.04624      0.70904455E-011
        3.05024      0.85318519E-011
        3.05424      0.10259821E-010
        3.05824      0.12328736E-010
        3.06224      0.14802679E-010
        3.06624      0.17757649E-010
        3.07024      0.21284338E-010
        3.07424      0.25491301E-010
        3.07824      0.30508237E-010
        3.08224      0.36489170E-010
        3.08624      0.43615480E-010
        3.09024      0.52099152E-010
        3.09424      0.62186961E-010
        3.09824      0.74166576E-010
        3.10224      0.88375461E-010
        3.10624      0.10521297E-009
        3.11024      0.12515517E-009
        3.11424      0.14877114E-009
        3.11824      0.17673899E-009
        3.12224      0.20986038E-009
        3.12624      0.24907341E-009
        3.13024      0.29546632E-009
        3.13424      0.35029575E-009
        3.13824      0.41501476E-009
        3.14224      0.49131458E-009
        3.14624      0.58118072E-009
        3.15024      0.68696005E-009
        3.15424      0.81143114E-009
        3.15824      0.95786939E-009
        3.16224      0.11301021E-008
        3.16624      0.13325563E-008
        3.17024      0.15703144E-008
        3.17424      0.18491988E-008
        3.17823      0.21759112E-008
        3.18223      0.25582410E-008
        3.18623      0.30053408E-008
        3.19023      0.35280402E-008
        3.19423      0.41391577E-008
        3.19823      0.48537645E-008
        3.20223      0.56893823E-008
        3.20623      0.66661381E-008
        3.21023      0.78069516E-008
        3.21423      0.91378642E-008
        3.21823      0.10688614E-007
        3.22223      0.12493507E-007
        3.22623      0.14592541E-007
        3.23023      0.17032633E-007
        3.23423      0.19868754E-007
        3.23823      0.23164799E-007
        3.24223      0.26994154E-007
        3.24623      0.31440158E-007
        3.25023      0.36596850E-007
        3.25423      0.42570494E-007
        3.25823      0.49482303E-007
        3.26223      0.57472438E-007
        3.26623      0.66704914E-007
        3.27023      0.77372639E-007
        3.27423      0.89701630E-007
        3.27823      0.10395373E-006
        3.28223      0.12042790E-006
        3.28623      0.13946103E-006
        3.29023      0.16143016E-006
        3.29423      0.18675821E-006
        3.29823      0.21592444E-006
        3.30223      0.24947983E-006
        3.30623      0.28806506E-006
        3.31023      0.33242782E-006
        3.31423      0.38343571E-006
        3.31823      0.44208268E-006
        3.32223      0.50949039E-006
        3.32623      0.58690944E-006
        3.33023      0.67572813E-006
        3.33423      0.77749628E-006
        3.33823      0.89396770E-006
        3.34223      0.10271582E-005
        3.34623      0.11794088E-005
        3.35023      0.13534402E-005
        3.35423      0.15523849E-005
        3.35823      0.17797937E-005
        3.36223      0.20396271E-005
        3.36623      0.23362553E-005
        3.37023      0.26744973E-005
        3.37423      0.30597250E-005
        3.37823      0.34980388E-005
        3.38223      0.39964914E-005
        3.38623      0.45633140E-005
        3.39023      0.52080853E-005
        3.39423      0.59418019E-005
        3.39823      0.67768451E-005
        3.40223      0.77268974E-005
        3.40623      0.88069028E-005
        3.41023      0.10033185E-004
        3.41423      0.11423796E-004
        3.41823      0.12999097E-004
        3.42223      0.14782462E-004
        3.42623      0.16800928E-004
        3.43023      0.19085604E-004
        3.43423      0.21671724E-004
        3.43823      0.24598409E-004
        3.44223      0.27908359E-004
        3.44623      0.31647861E-004
        3.45023      0.35867446E-004
        3.45422      0.40623383E-004
        3.45822      0.45979874E-004
        3.46222      0.52011447E-004
        3.46622      0.58804901E-004
        3.47022      0.66460154E-004
        3.47422      0.75089770E-004
        3.47822      0.84817513E-004
        3.48222      0.95776876E-004
        3.48622      0.10811084E-003
        3.49022      0.12197392E-003
        3.49422      0.13753685E-003
        3.49822      0.15499308E-003
        3.50222      0.17456541E-003
        3.50622      0.19651058E-003
        3.51022      0.22112013E-003
        3.51422      0.24871753E-003
        3.51822      0.27965322E-003
        3.52222      0.31430114E-003
        3.52622      0.35306042E-003
        3.53022      0.39636496E-003
        3.53422      0.44470041E-003
        3.53822      0.49862455E-003
        3.54222      0.55878424E-003
        3.54622      0.62592127E-003
        3.55022      0.70086182E-003
        3.55422      0.78448844E-003
        3.55822      0.87769864E-003
        3.56222      0.98135692E-003
        3.56622      0.10962455E-002
        3.57022      0.12230121E-002
        3.57422      0.13621039E-002
        3.57822      0.15136668E-002
        3.58222      0.16773872E-002
        3.58622      0.18522628E-002
        3.59022      0.20363092E-002
        3.59422      0.22262415E-002
        3.59822      0.24172001E-002
        3.60222      0.26026151E-002
        3.60622      0.27743020E-002
        3.61022      0.29228564E-002
        3.61422      0.30383624E-002
        3.61822      0.31113614E-002
        3.62222      0.31339570E-002
        3.62622      0.31008839E-002
        3.63022      0.30103517E-002
        3.63422      0.28644999E-002
        3.63822      0.26693676E-002
        3.64222      0.24343636E-002
        3.64622      0.21713188E-002
        3.65022      0.18932713E-002
        3.65422      0.16131793E-002
        3.65822      0.13427498E-002
        3.66222      0.10915390E-002
        3.66622      0.86641553E-003
        3.67022      0.67140562E-003
        3.67422      0.50787732E-003
        3.67822      0.37497532E-003
        3.68222      0.27019714E-003
        3.68622      0.19000478E-003
        3.69022      0.13038616E-003
        3.69422      0.87309950E-004
        3.69822      0.57048880E-004
        3.70222      0.36372272E-004
        3.70622      0.22626885E-004
        3.71022      0.13734193E-004
        3.71422      0.81339216E-005
        3.71822      0.47001411E-005
        3.72222      0.26499179E-005
        3.72621      0.14576787E-005
        3.73021      0.78234238E-006
        3.73421      0.40967163E-006
        3.73821      0.20930400E-006
        3.74221      0.10433276E-006
        3.74621      0.50741650E-007
        3.75021      0.24077339E-007
        3.75421      0.11146843E-007
        3.75821      0.50349403E-008
        3.76221      0.22188887E-008
        3.76621      0.95405894E-009
        3.77021      0.40023325E-009
        3.77421      0.16381333E-009
        3.77821      0.65415893E-010
        3.78221      0.25486793E-010
        3.78621      0.96882407E-011
        3.79021      0.35931254E-011
        3.79421      0.13001621E-011
        3.79821      0.45900805E-012
        3.80221      0.15810321E-012
        3.80621      0.53132308E-013
        3.81021      0.17421046E-013
        3.81421      0.55729782E-014
        3.81821      0.17393941E-014
        3.82221      0.52967097E-015
        3.82621      0.15736635E-015
        3.83021      0.45615778E-016
        3.83421      0.12900775E-016
        3.83821      0.35597053E-017
        3.84221      0.95831833E-018
        3.84621      0.25171149E-018
        3.85021      0.64505060E-019
        3.85421      0.16128056E-019
        3.85821      0.39343027E-020
        3.86221      0.93637760E-021
        3.86621      0.21743615E-021
        3.87021      0.49261768E-022
        3.87421      0.10888943E-022
        3.87821      0.23483290E-023
        3.88221      0.49411686E-024
        3.88621      0.10143735E-024
        3.89021      0.20317188E-025
        3.89421      0.39703318E-026
        3.89821      0.75698539E-027
        3.90221      0.14081395E-027
        3.90621      0.25556500E-028
        3.91021      0.45253749E-029
        3.91421      0.78181724E-030
        3.91821      0.13178119E-030
        3.92221      0.21672004E-031
        3.92621      0.34773006E-032
        3.93021      0.54435584E-033
        3.93421      0.83142108E-034
        3.93821      0.12389583E-034
        3.94221      0.18013156E-035
        3.94621      0.25551738E-036
        3.95021      0.35362956E-037
        3.95421      0.47750088E-038
        3.95821      0.62906756E-039
        3.96221      0.80857050E-040
        3.96621      0.10139954E-040
        3.97021      0.12406566E-041
        3.97421      0.14810328E-042
        3.97821      0.17249450E-043
        3.98221      0.19601230E-044
        3.98621      0.21731460E-045
        3.99021      0.23506716E-046
        3.99421      0.24808044E-047
        3.99821      0.25544098E-048
        4.00220      0.25661741E-049
        4.00620      0.25152384E-050
        4.01020      0.24053024E-051
        4.01420      0.22441801E-052
        4.01820      0.20428818E-053
        4.02220      0.18143716E-054
        4.02620      0.15721963E-055
        4.03020      0.13291829E-056
        4.03420      0.10963779E-057
        4.03820      0.88233447E-059
        4.04220      0.69279339E-060
        4.04620      0.53072765E-061
        4.05020      0.39667715E-062
        4.05420      0.28926784E-063
        4.05820      0.20580722E-064
        4.06220      0.14286261E-065
        4.06620      0.96755133E-067
        4.07020      0.63933276E-068
        4.07420      0.41217097E-069
        4.07820      0.25925392E-070
        4.08220      0.15910021E-071
        4.08620      0.95260678E-073
        4.09020      0.55648580E-074
        4.09420      0.31716992E-075
        4.09820      0.17637109E-076
        4.10220      0.95688619E-078
        4.10620      0.50651309E-079
        4.11020      0.26158845E-080
        4.11420      0.13180866E-081
        4.11820      0.64798776E-083
        4.12220      0.31080441E-084
        4.12620      0.14544709E-085
        4.13020      0.66407997E-087
        4.13420      0.29582388E-088
        4.13820      0.12857116E-089
        4.14220      0.54519442E-091
        4.14620      0.22555722E-092
        4.15020      0.91045724E-094
        4.15420      0.35855838E-095
        4.15820      0.13777096E-096
        4.16220      0.51647938E-098
        4.16620      0.18890602E-099
        4.17020      0.67411824E-101
        4.17420      0.23470582E-102
        4.17820      0.79727684E-104
        4.18220      0.26423596E-105
        4.18620      0.85442154E-107
        4.19020      0.26955659E-108
        4.19420      0.82970787E-110
        4.19820      0.24917127E-111
        4.20220      0.73007622E-113
        4.20620      0.20870649E-114
        4.21020      0.58210480E-116
        4.21420      0.15840318E-117
        4.21820      0.42055628E-119
        4.22220      0.10893861E-120
        4.22620      0.27531955E-122
        4.23020       0.0000000     
        4.23420       0.0000000     
        4.23820       0.0000000     
        4.24220       0.0000000     
        4.24620       0.0000000     
        4.25020       0.0000000     
        4.25420       0.0000000     
        4.25820       0.0000000     
        4.26220       0.0000000     
        4.26620       0.0000000     
        4.27020       0.0000000     
        4.27419       0.0000000     
        4.27819       0.0000000     
        4.28219       0.0000000     
        4.28619       0.0000000     
        4.29019       0.0000000     
        4.29419       0.0000000     
        4.29819       0.0000000     
        4.30219       0.0000000     
        4.30619       0.0000000     
        4.31019       0.0000000     
        4.31419       0.0000000     
        4.31819       0.0000000     
        4.32219       0.0000000     
        4.32619       0.0000000     
        4.33019       0.0000000     
        4.33419       0.0000000     
        4.33819       0.0000000     
        4.34219       0.0000000     
        4.34619       0.0000000     
        4.35019       0.0000000     
        4.35419       0.0000000     
        4.35819       0.0000000     
        4.36219       0.0000000     
        4.36619       0.0000000     
        4.37019       0.0000000     
        4.37419       0.0000000     
        4.37819       0.0000000     
        4.38219       0.0000000     
        4.38619       0.0000000     
        4.39019       0.0000000     
        4.39419       0.0000000     
        4.39819       0.0000000     
        4.40219       0.0000000     
        4.40619       0.0000000     
        4.41019       0.0000000     
        4.41419       0.0000000     
        4.41819       0.0000000     
        4.42219       0.0000000     
        4.42619       0.0000000     
        4.43019       0.0000000     
        4.43419       0.0000000     
        4.43819       0.0000000     
        4.44219       0.0000000     
        4.44619       0.0000000     
        4.45019       0.0000000     
        4.45419       0.0000000     
        4.45819       0.0000000     
        4.46219       0.0000000     
        4.46619       0.0000000     
        4.47019       0.0000000     
        4.47419       0.0000000     
        4.47819       0.0000000     
        4.48219       0.0000000     
        4.48619       0.0000000     
        4.49019       0.0000000     
        4.49419       0.0000000     
        4.49819       0.0000000     
        4.50219       0.0000000     
        4.50619       0.0000000     
        4.51019       0.0000000     
        4.51419       0.0000000     
        4.51819       0.0000000     
        4.52219       0.0000000     
        4.52619       0.0000000     
        4.53019       0.0000000     
        4.53419       0.0000000     
        4.53819       0.0000000     
        4.54219       0.0000000     
        4.54618       0.0000000     
        4.55018       0.0000000     
        4.55418       0.0000000     
        4.55818       0.0000000     
        4.56218       0.0000000     
        4.56618       0.0000000     
        4.57018       0.0000000     
        4.57418       0.0000000     
        4.57818       0.0000000     
        4.58218       0.0000000     
        4.58618       0.0000000     
        4.59018       0.0000000     
        4.59418       0.0000000     
        4.59818       0.0000000     
        4.60218       0.0000000     
        4.60618       0.0000000     
        4.61018       0.0000000     
        4.61418       0.0000000     
        4.61818       0.0000000     
        4.62218       0.0000000     
        4.62618       0.0000000     
        4.63018       0.0000000     
        4.63418       0.0000000     
        4.63818       0.0000000     
        4.64218       0.0000000     
        4.64618       0.0000000     
        4.65018       0.0000000     
        4.65418       0.0000000     
        4.65818       0.0000000     
        4.66218       0.0000000     
        4.66618       0.0000000     
        4.67018       0.0000000     
        4.67418       0.0000000     
        4.67818       0.0000000     
        4.68218       0.0000000     
        4.68618       0.0000000     
        4.69018       0.0000000     
        4.69418       0.0000000     
        4.69818       0.0000000     
        4.70218       0.0000000     
        4.70618       0.0000000     
        4.71018       0.0000000     
        4.71418       0.0000000     
        4.71818       0.0000000     
        4.72218       0.0000000     
        4.72618       0.0000000     
        4.73018       0.0000000     
        4.73418       0.0000000     
        4.73818       0.0000000     
        4.74218       0.0000000     
        4.74618       0.0000000     
        4.75018       0.0000000     
        4.75418       0.0000000     
        4.75818       0.0000000     
        4.76218       0.0000000     
        4.76618       0.0000000     
        4.77018       0.0000000     
        4.77418       0.0000000     
        4.77818       0.0000000     
        4.78218       0.0000000     
        4.78618       0.0000000     
        4.79018       0.0000000     
        4.79418       0.0000000     
        4.79818       0.0000000     
        4.80218       0.0000000     
        4.80618       0.0000000     
        4.81018       0.0000000     
        4.81418       0.0000000     
        4.81818       0.0000000     
        4.82217       0.0000000     
        4.82617       0.0000000     
        4.83017       0.0000000     
        4.83417       0.0000000     
        4.83817       0.0000000     
        4.84217       0.0000000     
        4.84617       0.0000000     
        4.85017       0.0000000     
        4.85417       0.0000000     
        4.85817       0.0000000     
        4.86217       0.0000000     
        4.86617       0.0000000     
        4.87017       0.0000000     
        4.87417       0.0000000     
        4.87817       0.0000000     
        4.88217       0.0000000     
        4.88617       0.0000000     
        4.89017       0.0000000     
        4.89417       0.0000000     
        4.89817       0.0000000     
        4.90217       0.0000000     
        4.90617       0.0000000     
        4.91017       0.0000000     
        4.91417       0.0000000     
        4.91817       0.0000000     
        4.92217       0.0000000     
        4.92617       0.0000000     
        4.93017       0.0000000     
        4.93417       0.0000000     
        4.93817       0.0000000     
        4.94217       0.0000000     
        4.94617       0.0000000     
        4.95017       0.0000000     
        4.95417       0.0000000     
        4.95817       0.0000000     
        4.96217       0.0000000     
        4.96617       0.0000000     
        4.97017       0.0000000     
        4.97417       0.0000000     
        4.97817       0.0000000     
        4.98217       0.0000000     
        4.98617       0.0000000     
        4.99017       0.0000000     
        4.99417       0.0000000     
        4.99817       0.0000000     
        5.00217       0.0000000     
        5.00617       0.0000000     
        5.01017       0.0000000     
        5.01417       0.0000000     
        5.01817       0.0000000     
        5.02217       0.0000000     
        5.02617       0.0000000     
        5.03017       0.0000000     
        5.03417       0.0000000     
        5.03817       0.0000000     
        5.04217       0.0000000     
        5.04617       0.0000000     
        5.05017       0.0000000     
        5.05417       0.0000000     
        5.05817       0.0000000     
        5.06217       0.0000000     
        5.06617       0.0000000     
        5.07017       0.0000000     
        5.07417       0.0000000     
        5.07817       0.0000000     
        5.08217       0.0000000     
        5.08617       0.0000000     
        5.09017       0.0000000     
        5.09416       0.0000000     
        5.09816       0.0000000     
        5.10216       0.0000000     
        5.10616       0.0000000     
        5.11016       0.0000000     
        5.11416       0.0000000     
        5.11816       0.0000000     
        5.12216       0.0000000     
        5.12616       0.0000000     
        5.13016       0.0000000     
        5.13416       0.0000000     
        5.13816       0.0000000     
        5.14216       0.0000000     
        5.14616       0.0000000     
        5.15016       0.0000000     
        5.15416       0.0000000     
        5.15816       0.0000000     
        5.16216       0.0000000     
        5.16616       0.0000000     
        5.17016       0.0000000     
        5.17416       0.0000000     
        5.17816       0.0000000     
        5.18216       0.0000000     
        5.18616       0.0000000     
        5.19016       0.0000000     
        5.19416       0.0000000     
        5.19816       0.0000000     
        5.20216       0.0000000     
        5.20616       0.0000000     
        5.21016       0.0000000     
        5.21416       0.0000000     
        5.21816       0.0000000     
        5.22216       0.0000000     
        5.22616       0.0000000     
        5.23016       0.0000000     
        5.23416       0.0000000     
        5.23816       0.0000000     
        5.24216       0.0000000     
        5.24616       0.0000000     
        5.25016       0.0000000     
        5.25416       0.0000000     
        5.25816       0.0000000     
        5.26216       0.0000000     
        5.26616       0.0000000     
        5.27016       0.0000000     
        5.27416       0.0000000     
        5.27816       0.0000000     
        5.28216       0.0000000     
        5.28616       0.0000000     
        5.29016       0.0000000     
        5.29416       0.0000000     
        5.29816       0.0000000     
        5.30216       0.0000000     
        5.30616       0.0000000     
        5.31016       0.0000000     
        5.31416       0.0000000     
        5.31816       0.0000000     
        5.32216       0.0000000     
        5.32616       0.0000000     
        5.33016       0.0000000     
        5.33416       0.0000000     
        5.33816       0.0000000     
        5.34216       0.0000000     
        5.34616       0.0000000     
        5.35016       0.0000000     
        5.35416       0.0000000     
        5.35816       0.0000000     
        5.36216       0.0000000     
        5.36615       0.0000000     
        5.37015       0.0000000     
        5.37415       0.0000000     
        5.37815       0.0000000     
        5.38215       0.0000000     
        5.38615       0.0000000     
        5.39015       0.0000000     
        5.39415       0.0000000     
        5.39815       0.0000000     
        5.40215       0.0000000     
        5.40615       0.0000000     
        5.41015       0.0000000     
        5.41415       0.0000000     
        5.41815       0.0000000     
        5.42215       0.0000000     
        5.42615       0.0000000     
        5.43015       0.0000000     
        5.43415       0.0000000     
        5.43815       0.0000000     
        5.44215       0.0000000     
        5.44615       0.0000000     
        5.45015       0.0000000     
        5.45415       0.0000000     
        5.45815       0.0000000     
        5.46215       0.0000000     
        5.46615       0.0000000     
        5.47015       0.0000000     
        5.47415       0.0000000     
        5.47815       0.0000000     
        5.48215       0.0000000     
        5.48615       0.0000000     
        5.49015       0.0000000     
        5.49415       0.0000000     
        5.49815       0.0000000     
        5.50215       0.0000000     
        5.50615       0.0000000     
        5.51015       0.0000000     
        5.51415       0.0000000     
        5.51815       0.0000000     
        5.52215       0.0000000     
        5.52615       0.0000000     
        5.53015       0.0000000     
        5.53415       0.0000000     
        5.53815       0.0000000     
        5.54215       0.0000000     
        5.54615       0.0000000     
        5.55015       0.0000000     
        5.55415       0.0000000     
        5.55815       0.0000000     
        5.56215       0.0000000     
        5.56615       0.0000000     
        5.57015       0.0000000     
        5.57415       0.0000000     
        5.57815       0.0000000     
        5.58215       0.0000000     
        5.58615       0.0000000     
        5.59015       0.0000000     
        5.59415       0.0000000     
        5.59815       0.0000000     
        5.60215       0.0000000     
        5.60615       0.0000000     
        5.61015       0.0000000     
        5.61415       0.0000000     
        5.61815       0.0000000     
        5.62215       0.0000000     
        5.62615       0.0000000     
        5.63015       0.0000000     
        5.63415       0.0000000     
        5.63815       0.0000000     
        5.64214       0.0000000     
        5.64614       0.0000000     
        5.65014       0.0000000     
        5.65414       0.0000000     
        5.65814       0.0000000     
        5.66214       0.0000000     
        5.66614       0.0000000     
        5.67014       0.0000000     
        5.67414       0.0000000     
        5.67814       0.0000000     
        5.68214       0.0000000     
        5.68614       0.0000000     
        5.69014       0.0000000     
        5.69414       0.0000000     
        5.69814       0.0000000     
        5.70214       0.0000000     
        5.70614       0.0000000     
        5.71014       0.0000000     
        5.71414       0.0000000     
        5.71814       0.0000000     
        5.72214       0.0000000     
        5.72614       0.0000000     
        5.73014       0.0000000     
        5.73414       0.0000000     
        5.73814       0.0000000     
        5.74214       0.0000000     
        5.74614       0.0000000     
        5.75014       0.0000000     
        5.75414       0.0000000     
        5.75814       0.0000000     
        5.76214       0.0000000     
        5.76614       0.0000000     
        5.77014       0.0000000     
        5.77414       0.0000000     
        5.77814       0.0000000     
        5.78214       0.0000000     
        5.78614       0.0000000     
        5.79014       0.0000000     
        5.79414       0.0000000     
        5.79814       0.0000000     
        5.80214       0.0000000     
        5.80614       0.0000000     
        5.81014       0.0000000     
        5.81414       0.0000000     
        5.81814       0.0000000     
        5.82214       0.0000000     
        5.82614       0.0000000     
        5.83014       0.0000000     
        5.83414       0.0000000     
        5.83814       0.0000000     
        5.84214       0.0000000     
        5.84614       0.0000000     
        5.85014       0.0000000     
        5.85414       0.0000000     
        5.85814       0.0000000     
        5.86214       0.0000000     
        5.86614       0.0000000     
        5.87014       0.0000000     
        5.87414       0.0000000     
        5.87814       0.0000000     
        5.88214       0.0000000     
        5.88614       0.0000000     
        5.89014       0.0000000     
        5.89414       0.0000000     
        5.89814       0.0000000     
        5.90214       0.0000000     
        5.90614       0.0000000     
        5.91014       0.0000000     
        5.91413       0.0000000     
        5.91813       0.0000000     
        5.92213       0.0000000     
        5.92613       0.0000000     
        5.93013       0.0000000     
        5.93413       0.0000000     
        5.93813       0.0000000     
        5.94213       0.0000000     
        5.94613       0.0000000     
        5.95013       0.0000000     
        5.95413       0.0000000     
        5.95813       0.0000000     
        5.96213       0.0000000     
        5.96613       0.0000000     
        5.97013       0.0000000     
        5.97413       0.0000000     
        5.97813       0.0000000     
        5.98213       0.0000000     
        5.98613       0.0000000     
        5.99013       0.0000000     
        5.99413       0.0000000     
        5.99813       0.0000000     
        6.00213       0.0000000     
        6.00613       0.0000000     
        6.01013       0.0000000     
        6.01413       0.0000000     
        6.01813       0.0000000     
